Gene	Estimate_HsapVsPanTro	Pval_HsapVsPanTro	FDR_HsapVsPanTro	Estimate_HsapVsRheMac	Pval_HsapVsRheMac	FDR_HsapVsRheMac	Estimate_PanTroVsRheMac	Pval_PanTroVsRheMac	FDR_PanTroVsRheMac	Fstat_Species	Anova_Species	AnovaAdj_Species
1	ABCA2	-0.623493883879673	0.00355187631770915	0.0144836190680693	0.309370656613013	0.126659918602846	0.222969752244054	0.98101825655035	1.86717308281459e-12	3.02177194831014e-11	57.7031291075758	1.17019699690518e-10	1.57754257152788e-06
2	ABLIM3	-1.64267484766479	3.85846909978227e-12	1.44088703418739e-10	0.382637612118265	0.250303784680913	0.383632490701096	1.93407435212103	2.62766349434784e-06	1.88222803226904e-05	24.4597251983032	7.17308577779354e-07	0.00967003693704347
3	ABTB1	-1.62016695486568	0.00053998361263341	0.00377568417111566	0.822196143485801	0.0662897517961558	0.131361479342052	2.35371088021986	1.99561478453347e-10	2.60182620022203e-09	25.5928142991219	4.77708840079354e-07	0.00643999287310978
4	ADAT2	-1.86679703106891	0.000180753155506252	0.00145332516217668	0.837998357542112	0.131540248699337	0.230567428515896	2.44608523372744	5.04907227139029e-12	7.84176766020881e-11	22.2747034312385	1.62681554118058e-06	0.0219311003106555
5	ADD3	-0.652143678001243	1.74945579283214e-05	0.000184253230806017	0.227518780412871	0.17235552076583	0.28572611601625	0.903349177227103	0	0	22.6303733140331	1.41910219905376e-06	0.0191309167454438
6	AGPAT3	-0.878151935107358	1.60361064565073e-05	0.000170625691507636	-0.262759767846754	0.272098963555185	0.408481751412856	0.551032161380217	0.00621121325662988	0.0206290628018299	25.5855270722862	4.78941481925075e-07	0.00645661011783194
7	AGTRAP	-2.91348281410574	1.83897341798911e-12	7.29152960232682e-11	-0.230247988500661	0.555854579430787	0.683681762860506	3.03567783380761	0	0	63.8808146126145	3.67930425604224e-11	4.96007006757055e-07
8	AKAP3	-3.16008413023223	0	0	-0.522195242492456	0.215406188888353	0.340392783073952	2.61505272423561	9.86011272630094e-12	1.48352879088463e-10	52.4694122347912	3.38132379534097e-10	4.55836260849917e-06
9	ANKRD52	-0.802238590665914	5.4821040064601e-05	0.000518262581424184	-0.406277283433772	0.0972410619231123	0.180168517956703	0.424899261972477	0.00171071286339131	0.00674133882238474	35.6617728711488	2.00208000731399e-08	0.000269900405785999
10	ARG2	-3.33286823772327	3.4158675887852e-11	1.09785896775688e-09	0.443292630200353	0.39963825209778	0.540807395756894	3.63959681715811	0	0	36.4856462951856	1.59016289575958e-08	0.00021436985997735
11	ATMIN	-2.2175109962666	0	0	0.114094800871654	0.585109257087478	0.709658829941187	2.43731670891288	0	0	77.9573059733572	3.59405854154765e-12	4.84515031986039e-08
12	AVL9	-0.520000584241835	0.000993372556386207	0.00644139270449373	0.240465438779565	0.139160144212636	0.241195410662193	0.689983429239525	0.000194369272044526	0.000971197982369255	23.0008801024235	1.23260447218348e-06	0.0166167408895055
13	BACE1	-0.505632356216224	0.000718115684653631	0.00486478268583698	0.168180862816333	0.375021234585357	0.516410752139448	0.464788697889433	0.0170516930150797	0.0490345293379457	22.5977953606716	1.43689011658057e-06	0.0193707156616227
14	BDP1	-1.69663387357698	0	0	0.345530788068734	0.0761456639370375	0.147361426289865	2.13389103632818	1.28785870856518e-14	2.61470229671193e-13	54.2838625905285	2.31920630642734e-10	3.1265220216947e-06
15	BTBD11	-4.5196773972698	0	0	-0.0879534900252427	0.84867819236001	0.910040622908471	4.74801567936719	0	0	109.933808643662	5.50979386297875e-14	7.42775310668165e-10
16	C10orf90	-1.38357257318602	0	0	-0.260364384606478	0.0542012201920921	0.111012860742873	1.04623346162464	1.89947302331461e-09	2.18488019004303e-08	53.1589153997761	2.92644971923737e-10	3.9451468665039e-06
17	C2CD4A	-1.73300472539144	1.77635683940025e-15	1.03220114448081e-13	-0.144754632898764	0.425775085154228	0.567237268797722	1.57801829878568	0.000537825515366297	0.00240398732515022	38.3956911225982	9.45484631016712e-09	0.000127460783107363
18	C3orf20	-3.10897252189466	1.45054206424078e-08	2.87147688223641e-07	-0.868262791705049	0.148848666678863	0.255296294592589	2.8850246935912	1.48327810167714e-06	1.10414533896795e-05	30.9273786244008	8.14024329927724e-08	0.00109738619917556
19	CCS	-1.36604542320898	2.35145236615608e-13	1.0673376884899e-11	-0.501969452976002	0.0777054372224777	0.149649571313746	0.950546730566464	1.30816277965629e-06	9.82470330503977e-06	52.4592508457925	3.38856889052757e-10	4.56812972132022e-06
20	CD300A	-2.91274857082239	2.87863066716909e-11	9.35104096966422e-10	0.591658869366588	0.308039585310696	0.448066643242716	3.69339534611789	0	0	22.7508671367917	1.35533367608061e-06	0.0182712532872427
21	CD320	-1.49975239375964	2.98072769688851e-06	3.78729406991084e-05	0.50963897716098	0.220049526024384	0.345704190692777	1.91849242442856	0.00012467265459315	0.00064543473754618	21.391139763517	2.2975703098289e-06	0.0309735453468034
22	CD5L	-1.88538612490944	3.46294104502931e-11	1.10625374947962e-09	-0.0998192014460579	0.611213779543027	0.731657793140228	1.56325747579439	3.83509042301e-08	3.65377060018359e-07	24.404679389192	7.3183720660391e-07	0.00986589738222731
23	CDRT1	-1.10125860095583	3.44331757975436e-05	0.000339322838396699	-0.172466065212483	0.219256384345966	0.344980779337998	0.951764399093488	0.0116572329713298	0.0354944182556782	26.3990960719373	3.60237922116304e-07	0.00485636742804989
24	CILP	-4.24421185677185	0	0	0.4048116848212	0.453326615405477	0.592696741565439	4.80441172092891	0	0	75.3774212752257	5.35307115999629e-12	7.216475230791e-08
25	CLEC2D	-3.0368687505838	2.01590255599626e-09	4.73456138630412e-08	0.950561318352604	0.097958106884982	0.181148592443956	3.96324642986416	0	0	36.0673136960593	1.78662099479687e-08	0.000240854376308566
26	CNTNAP3	-3.62918216922101	2.53879584022343e-09	5.80093334272069e-08	-0.731649681882514	0.235601863842712	0.365662989461617	3.01669532530689	3.42392780794398e-13	6.00233690232677e-12	35.2975852001302	2.219389116046e-08	0.000299195846734162
27	COL11A2	-2.21310560862371	1.77452363914199e-09	4.22656416594932e-08	0.434399912154754	0.35614268888423	0.49756593981953	2.57176549365088	1.32423553012018e-07	1.17835110109242e-06	40.1963588355412	5.89129764770583e-09	7.94205835887223e-05
28	CREB3L3	-1.39796103772921	0.00030813770761462	0.00231937712805845	0.151853635654511	0.566827321474243	0.693254719696163	1.40415309657159	9.572013626169e-07	7.34853734022689e-06	20.4616766689059	3.33490027575833e-06	0.044957790617498
29	CREG2	-2.74522649391209	1.02210456027763e-05	0.000114299856323838	0.851315071604024	0.222053692004769	0.348319608643013	4.29141516449593	0	0	23.9988056497127	8.49206382837714e-07	0.0114481512470352
30	CRTC3	-1.18438724700335	4.26626699212562e-06	5.21901500189161e-05	-0.119544198137894	0.634810025191535	0.750559020312847	1.16346362512944	2.53908405412062e-09	2.87159329979867e-08	27.3250969280793	2.62299925435365e-07	0.00353606529479416
31	CRYGS	-2.15074861574527	2.94125690625258e-06	3.74420059992361e-05	0.0556927935261116	0.918366888955328	0.95447567882251	2.52883388639015	0	0	20.3470623016712	3.49412252238729e-06	0.047104265724303
32	CTSO	-3.84712096247726	1.08518624974963e-07	1.86361730355092e-06	-0.875451839223611	0.240344651734574	0.371356590261753	2.53030368672979	0	0	31.8075401702374	6.20404449366511e-08	0.000836367238190993
33	DNAH8	-4.50690054934283	0	0	-0.0481923317118372	0.913496045741799	0.951320215731571	4.4443646612339	0	0	82.5685089028453	1.81173694760238e-12	2.44240257906277e-08
34	DNAJC4	-1.73565421423211	0.000136072737814796	0.00114578174795832	-0.885313944904276	0.0569952474561002	0.115907818819684	0.96892743559548	0.00703694752327078	0.0229641950039248	22.3519698427005	1.57906936415839e-06	0.0212874340982192
35	DNLZ	-2.92575847020183	0	0	-0.267087449338673	0.311382032078744	0.451661413218587	2.62353160671607	2.38697950294409e-13	4.23964040569028e-12	102.188399774395	1.35992110766591e-13	1.83330964524441e-09
36	DUOX2	-3.08908820164019	1.78873024772042e-05	0.000187364976453139	0.20530755997032	0.72163757957308	0.81758099085845	3.85867464641383	3.49535376198418e-08	3.34903085041284e-07	25.7395696000851	4.53595013045776e-07	0.00611491437087011
37	DUOXA1	-4.09970787130946	0	0	0.502512950516112	0.33313186393227	0.474329389276609	4.62844380931281	0	0	92.5267263296875	4.58534868491638e-13	6.18150856213577e-09
38	DUSP22	-1.64109824661276	6.33008556527592e-06	7.39479059839556e-05	0.799637023987167	0.0655775449563518	0.13014145201775	2.24098367520489	3.58741236716753e-09	3.99685174560211e-08	24.0656992356202	8.28550786302722e-07	0.011169693150147
39	ECM1	-3.10591575401663	2.68110111889541e-09	6.06441680936729e-08	-0.813290241052092	0.12097444542935	0.214858207982026	2.21865925381403	2.22044604925031e-16	5.20588403303365e-15	48.2839191964919	8.40483985898526e-10	1.1330564613898e-05
40	EFCAB11	-2.27036876751861	8.88203729698667e-06	0.00010053630965632	0.403237973321042	0.524475548122446	0.655643069755072	2.74664950767215	5.20808640658288e-09	5.6666838456129e-08	20.5127472453303	3.26647295659864e-06	0.0440353219279063
41	EGFR	-2.55226861785302	7.51601003656788e-11	2.24166662174716e-09	-0.667087929228065	0.0841317708388578	0.159811244565118	2.25341377191973	4.04316446989128e-08	3.8384436773665e-07	25.2411224504004	5.41268308473486e-07	0.00729683806653107
42	EIF4A3	-2.87727149119311	9.12743643555203e-07	1.30346367147963e-05	-0.903872789746807	0.145110953470042	0.249953469148532	1.94842710191154	0.000247507658815982	0.00120413235239922	24.7484400336004	6.46001278238209e-07	0.0087087432319293
43	ELMSAN1	-1.13283605634726	6.09136934226484e-08	1.08477873319778e-06	-0.136815559815064	0.496619751332183	0.630937306973462	1.08440745600034	7.97140131680862e-14	1.48019918942007e-12	42.1352047670423	3.60162210338877e-09	4.85534675757839e-05
44	ERBB3	-0.543822317208822	3.82496656570197e-09	8.45317611020135e-08	-0.213787083545657	0.15251384488513	0.260621009367022	0.418652228248185	0.0146297395149635	0.0431372524937058	35.2105102613361	2.27500494088581e-08	0.000306693416080816
45	FAM131B	-0.717477051835943	5.39555428653582e-05	0.00051151524146828	0.248136979316897	0.139056061011333	0.241108007523315	0.91059616594369	4.68151364740876e-06	3.19875750028979e-05	50.0645366000088	5.66428180781679e-10	7.63601830511781e-06
46	FAM160B2	-0.87095028743279	0.0087961500612328	0.0312548494927463	0.263211150738087	0.456249803725034	0.595315624658172	1.05924883452866	6.65369286334538e-08	6.1606066957939e-07	22.4132222226268	1.5422860761957e-06	0.0207915585931943
47	FAM206A	-2.95191368431667	2.35888997224265e-09	5.47335554488867e-08	-0.478377502878129	0.348103728865379	0.489724676439149	2.72741102719516	6.6632255268928e-11	9.11023766004481e-10	26.2814204200522	3.75254258611029e-07	0.00505880266033528
48	FSTL5	-3.55087835286609	6.73197830813876e-09	1.40268623758916e-07	-0.0728501764201602	0.893239824810349	0.938855923769555	4.24679088239792	5.16613418710676e-11	7.16508796053357e-10	37.1754463681794	1.31501149102137e-08	0.00017727669910459
49	GPR89B	-5.11223682288086	0	0	0.11521586660127	0.06627252203611	0.131346643570832	5.11563347416911	0	0	402.065414203486	2.38522785712565e-21	3.2155256741911e-17
50	HECTD4	-0.579470852949028	8.76218734247036e-05	0.000781754120210741	0.0456942301504008	0.766811182793714	0.852044476012512	0.576400562800318	1.33015917924695e-06	9.96769088128299e-06	22.4840247501421	1.50090815078234e-06	0.0202337427806967
51	HEY2	-2.34889490714789	2.57907501799437e-07	4.13418672028325e-06	0.097537601740276	0.803899328202078	0.87901426259163	2.52823489518587	1.0513472137319e-07	9.50584291637811e-07	20.3134913813378	3.54228716601491e-06	0.047753573285047
52	HOMER3	-1.96719085292526	0.000149348214039557	0.00124717401432571	-1.06383992062694	0.0639911514580649	0.127499957553381	0.761445379803698	0.000883282067275948	0.00373732183877786	21.7622992555355	1.98534706219293e-06	0.0267644637454229
53	HPS1	-1.64739617555029	6.01933753330286e-06	7.05623385099616e-05	-0.13292578145909	0.743926908201755	0.834375536234355	1.45564880764945	2.00366882787684e-05	0.00012227912842285	22.8982261327271	1.28149131050571e-06	0.0172757843569274
54	IMPG2	-3.31541839069077	1.55431223447522e-15	9.11029705780888e-14	-0.0643506469630844	0.896013930012252	0.940505896652225	2.59477362103317	1.99936591771532e-06	1.45773131080153e-05	31.3597666995355	7.11870718071277e-08	0.000959672915031888
55	IVD	-0.900494821523081	3.72036975837542e-05	0.000364247207183885	0.077531735201826	0.684594551754232	0.790879337412701	1.03695370416421	9.04979029714426e-07	6.98741254271487e-06	25.7373219480439	4.5395433724749e-07	0.00611975842043341
56	KANK1	-3.44157601346752	0	0	0.336346644327303	0.243709744915088	0.375523039341673	3.81308211273358	0	0	142.870599694993	2.03334327769667e-15	2.74115007266288e-11
57	KAZN	-0.495421420017722	0.00643130461377228	0.0240834493050734	0.217452626581318	0.252461274069183	0.386095341545849	0.623370039038294	1.06900070915295e-05	6.8722930663285e-05	21.4024490322329	2.28731623451426e-06	0.0308353101574867
58	KIAA0930	-0.672298540554816	0.00201091417945332	0.00880452551257231	-0.0940076243146817	0.731455003088906	0.824629059209481	0.785284985367214	0.00183592730611504	0.0071801961165468	24.718214670327	6.53097425425575e-07	0.00880440639216217
59	KLHDC8A	-5.3616358504209	0	0	-0.271791923420568	0.377845042313416	0.518762502844196	5.16720105269714	0	0	278.881213454686	3.25170610415924e-19	4.38362499901707e-15
60	KLRC1	-3.07385044594369	1.16007203843083e-11	4.00998234617589e-10	0.00272711041013599	0.984060632909186	0.990230752575109	2.96377061378051	0.000353519603334407	0.00164849455985857	28.2038679382742	1.95371370896905e-07	0.00263380145106117
61	LANCL2	-1.15787702477654	1.19795797917099e-05	0.000131298142416294	0.164237954027767	0.578214411717112	0.70370212912868	1.42192898662941	1.05773612091298e-10	1.41742948767672e-09	24.0581472074932	8.30855533905726e-07	0.0112007634525831
62	LIPA	-1.55107369855163	3.31512595153072e-13	1.46528567057658e-11	0.232628204188091	0.339346376494329	0.480488236689428	1.65299179415866	0	0	46.257814666739	1.3353810741879e-09	1.80022722611271e-05
63	LLGL1	-0.927672765017134	9.63280168382319e-05	0.000849867797772385	-0.111195435963082	0.611839516984471	0.732119975215474	0.88377456787004	4.53844332384268e-05	0.000258810298006443	57.1572640456053	1.30233622359254e-10	1.75567946302511e-06
64	MAPKBP1	-1.33796646709052	0	0	-0.201561503159922	0.146375186417317	0.251726481450676	1.22948183014083	0	0	135.152092319538	4.1208005856235e-15	5.55525126947904e-11
65	MAU2	-0.785230551488868	0.000871786315314704	0.0057582319043398	0.142419116444639	0.615935624762266	0.735402369800735	0.875720240104854	6.35590012709741e-06	4.25864262492049e-05	30.2893104237609	9.94506534722188e-08	0.00134069425945898
66	MFNG	-4.30263002684527	0	0	-0.422180939220395	0.171316676103402	0.284318615111408	3.82964908778578	0	0	142.804517742645	2.04537292979701e-15	2.75736724665934e-11
67	MGAT4B	-1.39660663318654	0.000430295069595132	0.0030888220624132	-0.327955515909759	0.44999754925186	0.59000359477381	1.07271857191036	1.31227081163754e-05	8.31721805909058e-05	22.7895688100927	1.33550872961079e-06	0.0180039931838831
68	MOG	-1.18844203860676	6.71800393092781e-11	2.03517777511995e-09	-0.323529030881983	0.112724211638952	0.203024061069433	0.873478268737381	3.31887747440085e-06	2.33030141835405e-05	56.6397497409387	1.4424619696288e-10	1.94458298125659e-06
69	MSR1	-3.66738459857363	8.71054339768307e-10	2.17860548319416e-08	0.0400769218569994	0.957325500024606	0.975914311492745	3.92686969047201	2.45179965219222e-09	2.77987477806588e-08	25.8534307795965	4.35785233130678e-07	0.00587482072783467
70	MYO3A	-2.43656970635824	2.520712993892e-08	4.79290999586151e-07	0.0573791500021955	0.792687710419661	0.870805264608597	2.45118223504679	1.3944401189292e-13	2.53348345596826e-12	25.286353250681	5.32608945409159e-07	0.00718010119306088
71	NCAPD2	-1.72323050494645	4.62803943901413e-06	5.60562440946536e-05	0.598510522870129	0.179877457793549	0.295506703450504	2.31846825437955	2.22044604925031e-16	5.20588403303365e-15	33.8359966800016	3.38239964834225e-08	0.000455981296593019
72	NCOA1	-1.25963305088817	4.79882800163978e-12	1.76275205150152e-10	-0.174937703038646	0.418767551515561	0.560004499750151	0.92899957188936	2.31908692338578e-06	1.66917302798525e-05	21.7423170643909	2.00094272102448e-06	0.026974708822131
73	NELFA	-0.815590644909819	0.000519236688582003	0.00364195098791571	0.252891552742745	0.343468885530135	0.48429076935799	1.1905458905072	0	0	25.0856552657092	5.72201429050302e-07	0.00771384746502712
74	NRP2	-4.09814929378716	1.50990331349021e-14	7.98235551731826e-13	0.787836194296933	0.206638865007198	0.329746512684901	4.77209546196686	0	0	53.1489341289595	2.93254558610554e-10	3.95336470462887e-06
75	NSUN3	-2.14801677461235	9.10382880192628e-13	3.78792333576445e-11	0.0240665442117283	0.942953285285773	0.967984841572224	2.05776311103524	0	0	50.7080891203911	4.92461688742134e-10	6.63887602593271e-06
76	PARP8	-2.22824846591729	1.41480160920082e-11	4.81639911455462e-10	0.459465549547959	0.210729783220784	0.334689939632351	2.90963685569098	4.32986979603811e-14	8.31495366387319e-13	39.152643970275	7.73471444166915e-09	0.000104271685388142
77	PDGFD	-2.08318865069832	3.85622303200606e-07	5.98914086341862e-06	-0.036648932271836	0.86990136263451	0.924197357528239	2.16896010404929	5.63840085732181e-11	7.78804118417575e-10	24.5506286278482	6.93988061447386e-07	0.00935565305637221
78	PDZD3	-1.61239117083717	5.55042193806088e-06	6.56937999534668e-05	-0.0879759596980561	0.696404387413032	0.800496891773114	1.40338789401062	0.000370352216206182	0.0017198478217966	24.8919771583469	6.13411892074014e-07	0.00826940571704978
79	PGAM1	-2.54870217356817	1.99884553353513e-12	7.87907504023015e-11	-0.0699840019753606	0.872736559464826	0.925741403056684	2.45491896236455	4.09774386156414e-06	2.83436044113628e-05	39.4384931422918	7.17519406420155e-09	9.67287911795011e-05
80	PGBD2	-3.0553202876688	3.23541193836263e-12	1.22175317481979e-10	-1.03196381010219	0.13912988195717	0.241173966653543	2.10311794939655	3.4487857485388e-06	2.41648028461806e-05	25.7654232413124	4.49483724268942e-07	0.00605949008686961
81	PGM5	-5.57280235900002	1.55431223447522e-15	9.11029705780888e-14	-0.382696820693058	0.53152384798974	0.661143476171774	5.60207761977244	3.64637919858524e-09	4.05919388737635e-08	55.1416105547171	1.94733028111654e-10	2.62519595197321e-06
82	PKD1L1	-2.71606891557773	3.1331613199459e-06	3.96602326330429e-05	-0.979748419128652	0.091945196160379	0.17205902129901	1.30223034410365	1.18705335827585e-06	8.99026197916668e-06	21.2936175641719	2.38806444923014e-06	0.0321934968400715
83	PNLDC1	-2.64439087934567	8.10620341074042e-07	1.17758327780379e-05	0.332186490320284	0.492732008229199	0.627540878879342	3.46511403194854	2.22044604925031e-16	5.20588403303365e-15	23.4344348200296	1.04711545865735e-06	0.0141161634981597
84	PPP1R3B	-2.21900292685359	1.36702201802841e-06	1.87475318667762e-05	0.809591151707663	0.0764618310456202	0.147739994886915	3.50330181538024	0	0	32.8571696384805	4.51780802602556e-08	0.000609045699988506
85	PRH2	-0.766020122110841	3.05376587350636e-07	4.82058755746362e-06	0.0206969401062095	0.698990675819481	0.802924310263543	0.673540192619806	0.000215234191012215	0.00106129192722592	22.5263253639515	1.4767559614324e-06	0.0199081471160702
86	PRR5L	-0.813555185588599	3.87835463415698e-05	0.000376415398294242	-0.0533453123758512	0.742677712816775	0.833850107977258	0.812348898262864	5.66762192732995e-11	7.82039009235773e-10	23.5812953348721	9.91261110897725e-07	0.0133631910360122
87	PSD2	-1.30622898819149	0.000813791896485672	0.00542836643073891	-0.655156941898566	0.0728756557026615	0.141786219444015	0.595434244588638	0.00195008365234095	0.00754999360057678	30.4473913244913	9.4611651866909e-08	0.0012754596788178
88	RASA4B	-4.17284620772717	1.66977542903624e-13	7.82645013612064e-12	0.293464311234075	0.214106613145052	0.338775968522118	4.78472077144941	1.11022302462516e-15	2.49865051668977e-14	72.5463739449214	8.40055972069871e-12	1.13247945594739e-07
89	RGMB	-3.00565692435042	3.89466237038505e-13	1.71022616987495e-11	-0.454230116338803	0.332251312427416	0.473525736635373	2.95008610670747	0	0	42.88870434517	2.98832550526845e-09	4.0285616136524e-05
90	RNASE1	-3.54243944864445	1.15523146604346e-11	4.00351552538095e-10	-0.231928145186374	0.730188858495488	0.823462941390135	3.05190776761615	2.8631500348375e-07	2.41238285122777e-06	36.2233034816505	1.71048253315493e-08	0.000230590150294616
91	RNF130	-1.01643535937156	6.08730399420665e-10	1.56908116913766e-08	-0.0732609348974049	0.654605049721001	0.767501363305689	1.06036810916019	2.06243676659223e-05	0.000125524650340541	23.0277735176655	1.22013003506816e-06	0.0164485730027539
92	SCUBE2	-2.18793291550259	9.88584762939837e-08	1.7129962968113e-06	0.047744233042696	0.914801855706743	0.952017025716204	1.65991159372687	1.41560918542893e-09	1.65371121566442e-08	26.4528743777164	3.53590915012009e-07	0.0047667591252769
93	SEMA3A	-2.83461185680859	3.77485534164279e-07	5.86952997239752e-06	0.189542557852706	0.76251244104841	0.848698003448945	3.30306229966748	0	0	20.4467876290741	3.35513742822341e-06	0.0452306076698797
94	SERINC3	-1.31062717261773	5.93702864648549e-12	2.13772151280947e-10	0.266466502854802	0.116260702646169	0.208017862974145	1.61653220314338	6.5616401201396e-12	1.00863706339341e-10	50.8429683668019	4.7831287610242e-10	6.44813588273672e-06
95	SHISA9	-1.83256234859904	4.71295003023897e-10	1.23609492913719e-08	0.243871622302733	0.547250702829801	0.67602737330235	2.43404470917337	1.36132307204662e-05	8.59981084079683e-05	23.1083817867962	1.18354363271323e-06	0.0159553517126071
96	SIRPG	-4.75107100354602	0	0	-0.165485479047122	0.533834684218626	0.663344582722029	4.5973779596788	0	0	40.6199452674197	5.28292993522251e-09	7.12191784567346e-05
97	SLC6A20	-6.85671885388155	0	0	-0.0456397957379295	0.935534096749927	0.964101840222031	6.57284233208488	0	0	126.422990221228	9.58644232716812e-15	1.29234829012553e-10
98	SLC9A3	-1.50449042503651	1.33759670006839e-11	4.57668556183298e-10	-0.0501648322138373	0.552452697433706	0.681080458537155	1.20416455316744	3.90512347925309e-06	2.70946832855435e-05	37.895875836118	1.08126627544401e-08	0.000145765506592606
99	SLFN5	-3.60667167563679	6.6550787103381e-10	1.70241207009617e-08	0.218747721483839	0.725774932969039	0.820560172244889	3.40218133606036	2.89768209427166e-13	5.1197447330113e-12	35.2637303071189	2.24083759968816e-08	0.00030208731681396
100	SLIT2	-2.91430217098421	8.43769498715119e-15	4.568215506899e-13	-0.769269354779059	0.0740550398172117	0.143831723350502	1.79232318326171	1.29456889652602e-10	1.71941707330712e-09	51.7709023541151	3.92029993801634e-10	5.28495634643983e-06
101	SOX30	-1.43521411965621	2.28132761570521e-08	4.36854795274459e-07	0.0127174881790141	0.879676320392278	0.93026276699724	1.55880185170146	1.31719684937082e-07	1.17286200306261e-06	28.8177322110691	1.5961041831964e-07	0.00215170804936707
102	SPNS1	-1.35165459542739	1.9663181513252e-05	0.000203750461168447	-0.26231577230143	0.400193090862404	0.541395188952942	0.837339601991425	1.48145709699676e-06	1.1033990676582e-05	33.6271138379048	3.59610858940472e-08	0.00048479139893765
103	SUGP2	-0.815632880270849	5.16424348544486e-05	0.000490967323182526	-0.208342660187031	0.333188363646292	0.474359734957826	0.579869265438453	3.69921379517191e-05	0.000215231338682402	27.3535356032418	2.59785825068397e-07	0.00350217270774706
104	TANGO2	-1.29461087661775	1.64038174172987e-05	0.000173852093241041	-0.442111853863662	0.100392356489703	0.184939786531524	0.983505355971726	0.000252763454724692	0.00122748707966267	30.747343843609	8.61094555904854e-08	0.00116084157081533
105	TCP11L1	-0.934183991113139	1.61604589510311e-06	2.18514691192428e-05	0.161914060725549	0.499603584312076	0.633360534146238	1.08364499476244	8.5376918645963e-08	7.80845481863112e-07	20.8516199617477	2.84885880012493e-06	0.0384054654844841
106	TDP1	-2.54787306035195	7.14000946588911e-07	1.04624421314838e-05	-0.467953176379079	0.452189523947137	0.591841453624404	1.88385033227103	5.96461346979993e-08	5.57234609746173e-07	24.6561688400016	6.67927256884453e-07	0.00900432735005931
107	TEX22	-1.54918602337425	0.000333891223281313	0.00248272894707964	-0.0532393188077499	0.894395390281963	0.93970417398419	1.66826630137255	0	0	26.6778356553119	3.27177007866977e-07	0.00441067324305472
108	TMEM231	-3.32729796760816	1.23141163932416e-09	3.00736599813932e-08	-0.513932716036665	0.388407035291336	0.529747681434171	2.45651187700654	7.25568782833363e-09	7.67001903611284e-08	25.676603781387	4.63777453747423e-07	0.00625218385396902
109	TRIM9	-0.487138917374942	1.53620402976173e-06	2.08730612915113e-05	0.0980476368729832	0.345274546026588	0.486277283220271	0.585769059219178	0.000225213538862512	0.00110731522513496	24.6661359293612	6.65520860035284e-07	0.00897188671413566
110	TST	-2.47792519205778	8.28409785214035e-10	2.07966337327196e-08	-0.183944968911226	0.719937064903136	0.816683908781485	2.35149160107985	3.60659474107905e-06	2.5178924756337e-05	32.3804428121106	5.21319571594934e-08	0.00070279091446713
111	TTLL11	-1.33282337928243	9.11127898906017e-07	1.30253607689841e-05	-0.429214969566377	0.0876946467542141	0.165514190992404	0.999635040467446	3.98933066581009e-08	3.79000470090104e-07	43.380285625124	2.64919922487988e-09	3.57138547506057e-05
112	TTYH1	-1.09241795089779	1.60708002461263e-09	3.85499035797204e-08	0.278859671102603	0.0762351025761578	0.147449844738764	1.42666777436143	0	0	32.1380040098718	5.61008272410703e-08	0.000756295252036868
113	TXLNB	-4.49196160481041	0	0	0.253822023986177	0.670451377187362	0.779370097082248	4.98523779872716	0	0	68.7473751890236	1.57482872726744e-11	2.12302660722924e-07
114	TYSND1	-1.61007190212104	0.00191973096767484	0.00844368455961647	0.494963764154333	0.357640106347028	0.499309960974265	2.28383524831466	0	0	20.2102991293986	3.69484561881842e-06	0.0498102137872911
115	WDR88	-1.58224970200096	1.01339825420155e-09	2.50671960823689e-08	0.00180166645386526	0.946454065989766	0.970502281547582	1.40571652129253	0.000227908248624509	0.00111765409229065	21.2156758479612	2.46313441594747e-06	0.0332055150613879
116	WRNIP1	-1.70791596878813	3.32958991620114e-05	0.000329077724782313	-0.78504537834396	0.058366360948656	0.118285765476373	0.86901002089621	4.07308522398786e-05	0.000234354510903032	22.8859688632815	1.28746598888542e-06	0.0173563289961643
117	WWC2	-1.39444552688674	2.78888023785839e-13	1.24493028101222e-11	0.0539336168474669	0.824385081418828	0.893371003425018	1.45436978306418	0	0	21.2214215583269	2.45751498228364e-06	0.0331297594761657
118	XKR6	-2.64466177984507	7.17161885432915e-11	2.15324262305593e-09	-0.222706352047833	0.610412684733074	0.73121036803174	2.42034915152605	3.77475828372553e-14	7.29047513222119e-13	29.8589956208388	1.14017352148222e-07	0.00153706792431019
119	ZBP1	-1.87599790374517	2.6334612490686e-07	4.21135125725905e-06	-0.0905489554898913	0.6194821047126	0.73852478366029	1.43869429187957	0.00501459592231335	0.0170726697241702	21.3693150533045	2.31749820239031e-06	0.0312421932664237
120	ZNF385C	-1.89317962216266	5.09763369294092e-08	9.28664862358601e-07	-0.498455098957392	0.262550038193193	0.396931374327962	1.69592087053049	0.00479242212677078	0.0164078344353308	23.2911142934142	1.10488594732038e-06	0.014894967455826
121	ZWINT	-1.96338537383539	2.49330904433798e-06	3.2195688914483e-05	0.43506567460779	0.292358825870488	0.431024642559061	2.04403767540324	1.12604638946578e-08	1.16234543463922e-07	22.6850261063517	1.38978891981038e-06	0.0187357444279638
122	AATF	1.85338018217325	1.58530655269828e-09	3.80953968572648e-08	0.443487591849898	0.217358341799154	0.342594154775447	-1.21373501994251	0.00414288057182222	0.0144952434437413	30.4414147889233	9.47899365199604e-08	0.00127786313422559
123	AEBP2	1.02691405285491	2.97680683658541e-07	4.7103083042354e-06	0.287544141050403	0.153410200622394	0.261655227048393	-0.650367520645327	0.00459435003636988	0.0158445637505954	28.6827222426982	1.66825699722346e-07	0.00224897725795694
124	ANKRD24	2.46992959980544	6.41646580312738e-09	1.345026129983e-07	0.589763987515465	0.137446079367683	0.238883587517119	-1.96078112907283	0.000154093317377146	0.000783898872287287	20.3653748682083	3.46814542474378e-06	0.0467540684709709
125	ANKRD26	0.962214351843964	6.90992818519476e-09	1.43091769377282e-07	0.0474416972647053	0.805726968406011	0.880074221471335	-0.794834892414439	4.52173608223028e-06	3.10058617113664e-05	78.5148512452343	3.30241867449122e-12	4.45199061508162e-08
126	BSDC1	1.22364942713646	5.89106541326601e-11	1.79677495104613e-09	-0.189181651639352	0.326726693616227	0.467778521308449	-1.22717656900198	4.21884749357559e-15	8.928458879261e-14	34.0383605366418	3.18829147140879e-08	0.000429813573260619
127	C12orf29	2.55610543016921	9.31093115941195e-08	1.61962145754881e-06	-0.0317369851222355	0.953088124030821	0.973672400732002	-2.42565921414797	7.73130465425709e-07	6.0561137736223e-06	31.9562794309602	5.92876776914061e-08	0.000799257182957845
128	CCDC171	2.20536539739282	6.47659703645331e-12	2.30498413671586e-10	0.564610379816062	0.0682836746360986	0.134501597983052	-1.87752628591514	6.4837468727319e-11	8.91002972388366e-10	77.0877185011516	4.10539509430335e-12	5.53448312663034e-08
129	CCDC47	1.102591580612	3.63012078841152e-06	4.51993578860673e-05	0.452443889732344	0.0744558226636287	0.144506038774601	-0.661816444023597	1.40170552596075e-05	8.83421795019957e-05	25.7446031228202	4.52791426423935e-07	0.00610408121962107
130	CNTLN	2.28617277017218	5.16080866930224e-09	1.10258100904697e-07	0.008396500170018	0.983063306803747	0.990065937253645	-2.72450430836846	0.000150226199040704	0.000767120980783231	36.5123228802986	1.57844600724533e-08	0.000212790306236744
131	COL9A1	2.85178623871958	2.31814567541733e-13	1.05577438683449e-11	-0.467012603065516	0.298895894355278	0.437742047996034	-3.18995417218879	9.20432619011535e-11	1.24207729098043e-09	46.1798745850959	1.35979864102117e-09	1.83314454796064e-05
132	COL9A2	1.66956374645779	0	0	0.0914159641554006	0.661666756359975	0.772957499349118	-1.6976185435199	0	0	45.3337190742516	1.65794647214688e-09	2.23507763910121e-05
133	CRB2	2.35240896564899	2.94695055025329e-07	4.68488683584488e-06	-0.358613862309565	0.317433527249761	0.458324095025281	-2.93479737168574	0	0	28.2237525122284	1.94087209862576e-07	0.00261648967615739
134	CREBRF	0.518698093100131	0.00205171738996235	0.0089628004323015	-0.102780202974095	0.433007668316682	0.574149343619277	-0.52691404729162	0.00249810521837124	0.00934692102383088	25.531968573207	4.88106194550593e-07	0.00658015960873655
135	CRNKL1	1.1227015519534	0.000291115731586133	0.00220610608490069	0.335525463020466	0.112059305784224	0.202123561851368	-0.675662231957272	0.0154466605860288	0.0451705924859555	24.0385893712755	8.368562342063e-07	0.0112816588933351
136	DAAM1	0.892639533736371	3.14721784950844e-05	0.000312657655336944	0.205027444918247	0.445996729537536	0.586240435929751	-0.702516819407423	0.002997849203906	0.0109612164680924	37.6205038874175	1.16487988476398e-08	0.000157037457265032
137	DCP2	1.27626723191292	6.9681534662358e-06	8.04950101785132e-05	-0.258158254073025	0.263707122417529	0.398234089538558	-1.35373624392679	0.0042278851583657	0.0147581874210067	21.9367312636236	1.85460955036997e-06	0.0250019913485376
138	DIS3L2	0.746134005274912	0.000249595867708674	0.00192656505058912	-0.19745667429148	0.252603880512311	0.386269613564707	-0.934708483150968	3.41437988993221e-12	5.41520650543248e-11	23.3537940057107	1.0792111584671e-06	0.014548845627295
139	DLL1	1.54433591805169	3.59191885124233e-08	6.68821243557981e-07	0.144082784711174	0.606127258615555	0.727817010189391	-1.49370776261775	0	0	25.1798287153736	5.53244413221556e-07	0.0074582879346398
140	DNAH6	2.47652239160852	7.96624981536098e-07	1.15850068781965e-05	0.908554486369456	0.0599093415212413	0.120879208267313	-1.7891154843341	4.61871719756868e-05	0.000262943101944355	24.9736499466891	5.95658547569952e-07	0.00803007287979052
141	DNAJB5	1.70843550567043	5.34669335472415e-07	7.99986383074765e-06	0.0506229609947912	0.877596432854169	0.928931965397853	-1.16437984380027	2.05729566671309e-05	0.000125268305704422	24.353156910464	7.45721832566606e-07	0.0100530760248304
142	DROSHA	0.857380494938202	5.26716004145555e-10	1.36814228360043e-08	-0.0391049722934033	0.780489472442447	0.861734527272451	-0.95822397189851	0.00041718203760599	0.00191423793361686	44.4682808960304	2.03661038019831e-09	2.74555445354534e-05
143	DTD2	2.27365184650309	1.37698205726622e-07	2.30884267587138e-06	0.170425687178398	0.663856561702908	0.77403998515109	-2.24499942187651	0	0	24.6485318212947	6.69777402673459e-07	0.0090292691654409
144	DTX4	3.46284997437125	4.86958051659769e-09	1.05372094613569e-07	-0.916795011614827	0.108886641466059	0.197590633140927	-4.60492633973768	0	0	37.7290838755208	1.13111166198382e-08	0.000152485163152038
145	DXO	2.70651982412186	1.02480799601956e-06	1.44493523865315e-05	-0.681538519609994	0.189401561666595	0.307781680927518	-3.93873119337858	0	0	35.4043489376552	2.15317819668301e-08	0.000290269952694836
146	EBAG9	1.8345377885126	1.19286822997111e-06	1.6595517655563e-05	-0.0243769392324838	0.946571957622273	0.970502281547582	-1.97335859531007	2.89735570357941e-06	2.06117426068359e-05	41.3481152751345	4.38887068140351e-09	5.91663656560007e-05
147	ELP2	1.55172429263671	4.84967621616761e-12	1.77658926821075e-10	0.372039955297578	0.0872707150223162	0.164914004655992	-1.2466063230987	2.00728322852228e-13	3.59762537010609e-12	53.9036131955286	2.50779552841331e-10	3.38075915185398e-06
148	EPRS	0.793938241307931	0.000169337197255315	0.00138353621587812	0.0617553602020254	0.716528597617764	0.814413898602335	-0.600809136726882	0.000301839383744396	0.00143835161974486	30.6086255506272	8.9934993511713e-08	0.0012124136475314
149	ERC2	1.70459865024984	0.000279649011066141	0.00212851663473187	-0.610023053223656	0.216154398952719	0.341242627209427	-2.77503293906934	2.03699377365751e-07	1.74909000399216e-06	21.4006694023032	2.28892656268775e-06	0.0308570189915936
150	EYA4	2.3528136163794	7.41314448782227e-06	8.53429554571579e-05	-1.17104891228256	0.0596918479713238	0.120555176404706	-3.49069094158371	1.66975156834503e-06	1.23545120158394e-05	25.7117446375306	4.58064842032486e-07	0.00617517213543995
151	FAM49B	0.751107618744502	0.000587919904737166	0.00406865925860459	-0.180617789221001	0.362780590159472	0.504490341830397	-1.03290573078483	8.34911806313343e-06	5.47443874557888e-05	22.1097100151591	1.73402952848772e-06	0.023376452073543
152	FREM2	4.02563039991509	1.50825352207562e-10	4.31693539938459e-09	0.287619485223592	0.704251172083721	0.8060799839413	-3.402706502134	0	0	31.3865021406248	7.06022444635263e-08	0.000951788857612797
153	G3BP2	1.08449255820354	2.23938356380682e-05	0.000229226498281547	-0.100502096739457	0.69055687937579	0.79608322993544	-1.03370323124769	3.39622109324367e-07	2.83319656918427e-06	24.889618820698	6.13932875274358e-07	0.00827642909157362
154	GON4L	0.99997861213432	8.44107001185535e-07	1.220966360835e-05	-0.0368902258335423	0.85082905535462	0.911187360600225	-0.876607068687727	1.57002166929487e-05	9.78071262650841e-05	25.4738981437727	4.98255697315317e-07	0.00671698505550779
155	HAUS1	1.68133280661592	0.000107829104113666	0.000934819390711466	-0.431803308650395	0.256258923500921	0.390265086727962	-1.68216102589532	0.000265237955608733	0.00127931051147096	26.1662556605225	3.90601245792391e-07	0.00526569539452722
156	HSPA4L	1.97173551567769	3.83940435000341e-10	1.02290533680624e-08	0.461853284476838	0.138346207191233	0.240247999374598	-1.24182780774456	0.0109147767857491	0.03364786321717	44.8202840942572	1.87246130155827e-09	2.5242650806307e-05
157	ILDR2	2.61176505272566	7.09815251020984e-09	1.46764101211869e-07	0.119382157810738	0.77364452772028	0.856857386316373	-2.02622142754452	0.000151209520190099	0.000771265812214423	24.5172457057842	7.02456383575213e-07	0.00946981450697744
158	IRAK2	1.7664874387802	5.79003511802512e-11	1.76996515705434e-09	0.247292198350414	0.444912940640317	0.585204804857688	-1.31026168952163	0.000598954984071476	0.00264218329197237	25.4197318630205	5.0792685779802e-07	0.00684736196997511
159	KAT6B	0.666550248346664	2.0741354946896e-06	2.74131574548142e-05	0.0798528951905153	0.552997214213657	0.681454061929528	-0.514023854321812	0.00193192399366637	0.00749691058106401	40.9121805817285	4.90264942316434e-09	6.60926168736784e-05
160	KDM1A	1.21745027852191	0.00010111202269969	0.000886110611812314	0.416741471940123	0.15657262701328	0.265803215304396	-0.711513756086368	0.00272774324447322	0.0100857670539615	25.8475707075634	4.366833168838e-07	0.00588692779491051
161	KIF13B	1.20957801205948	1.95388150103781e-11	6.45595012634577e-10	-0.0493827272249443	0.801672998409282	0.877433928030814	-1.27376477429228	0	0	44.5063344953933	2.01814349449254e-09	2.7206592449254e-05
162	KLHDC2	0.978426451458453	0.000230279686224577	0.00179134474898645	-0.538515300123776	0.0520119085579633	0.107410009079336	-1.3973410470978	2.22044604925031e-16	5.20588403303365e-15	26.5096274254726	3.46718499663259e-07	0.00467411209396039
163	LONRF2	1.41652883645929	2.05395034313938e-10	5.62552052450616e-09	-0.11903845297689	0.542595925269648	0.671631224732359	-1.58999833855297	2.37605954911402e-08	2.33807728332891e-07	41.3538191678045	4.38254345009147e-09	5.90810682506831e-05
164	LRCH4	1.29393962422301	0	0	-0.0086142429422577	0.958553174810261	0.976222357756072	-1.09033569528531	2.66453525910038e-15	5.75650638268144e-14	32.9578966648029	4.38401063003363e-08	0.000591008473034833
165	LRPAP1	1.74311699387862	3.02889981984578e-08	5.70287688147219e-07	-0.371654026516708	0.181840046549819	0.297949610754703	-1.75335344347991	6.43540176703539e-09	6.87990889939762e-08	25.9099100861266	4.27230263032628e-07	0.00575949117594286
166	MCCC1	1.67466297794964	1.50417456268315e-11	5.09491891445515e-10	0.0365261577652765	0.795784509649802	0.873044512906005	-1.77709046282299	0	0	58.2681140869385	1.04842748734873e-10	1.41338509569482e-06
167	MED19	2.88931157725192	1.03306176946205e-08	2.09424146076961e-07	0.938256643193277	0.0982665365661417	0.181594404310919	-2.158080261295	0.000520891976570903	0.0023391554750674	27.6084343522783	2.38370911824997e-07	0.00321347826231278
168	MIA3	0.84672488117604	1.28998871584685e-08	2.58400265651283e-07	0.0408563944434072	0.825796023690346	0.894086311613196	-0.660968397603041	0.00151301581408103	0.00605610635083919	50.7609452137039	4.86864373145919e-10	6.56341861438014e-06
169	MKLN1	0.935657132625223	4.06968273036767e-06	5.00578402263564e-05	-0.0454634408998024	0.723928629858944	0.819212780922389	-0.827199005394799	1.2264034791043e-05	7.81339570028594e-05	22.9176655208472	1.27207661640757e-06	0.0171488648657905
170	MORC3	0.792061257803496	4.57641827544819e-06	5.55307783720226e-05	-0.194583296265282	0.195804115089594	0.31597262096275	-0.780480895001469	0.000333675865184402	0.00156570982894219	34.8658676643362	2.5102321997305e-08	0.000338404402845668
171	MRAS	1.54745170416729	9.75658975832516e-08	1.6927746014412e-06	-0.274151876167214	0.382518415988156	0.523951510458884	-1.81763672713549	9.39754485340671e-08	8.53694758549703e-07	30.6123584443721	8.98296977237604e-08	0.00121099415501401
172	MYH14	0.81145139143067	6.46516086397764e-05	0.00060149643621313	-0.235971416255925	0.213111944970202	0.337479399758404	-0.842835506776425	0.000347805819955083	0.00162522365990103	20.3357186545015	3.51031844091194e-06	0.0473226029019339
173	MYO5A	1.57153319625574	0	0	-0.22225409854894	0.0529001709818864	0.108843330417034	-1.90742555408996	0	0	174.38699305823	1.56703862402642e-16	2.11252476905002e-12
174	NOM1	1.41249496994713	1.82076576038526e-14	9.40449931638071e-13	0.194694688651357	0.444714804788966	0.58506882827755	-1.02968889392124	0.00152377942711768	0.0060937616306655	31.8104675639047	6.19849646160517e-08	0.000835619307988993
175	NT5C3A	1.03082685525728	0.00712179595797879	0.0262606486076346	-0.246405119464646	0.449793597058806	0.589793549455283	-1.37035714489735	9.81149001444415e-06	6.3682569515995e-05	20.2376421244278	3.65374830151691e-06	0.0492561808527495
176	OGFRL1	1.8496651453915	8.01936583805229e-09	1.65052016584402e-07	0.141079135561561	0.663198879282414	0.773808559079645	-1.53842024630163	3.07307068680984e-10	3.91940075013089e-09	41.0097703021564	4.78227843592469e-09	6.44698955947008e-05
177	POLM	3.84485709621517	0	0	-0.0942253420008755	0.83431767641646	0.900010930284892	-4.37984918813076	0	0	67.6208538420887	1.90799234699273e-11	2.57216448298091e-07
178	RAB10	1.3560524139294	3.06093685864539e-06	3.87824152174798e-05	0.000321826851864869	0.998687108198804	0.999331910753175	-1.12552513676542	1.06505915198341e-11	1.59534026976537e-10	22.2269141695162	1.65711904833481e-06	0.0223396218906016
179	RANBP1	2.22188305771656	4.69193572882887e-11	1.47785012991453e-09	-0.0273761438808371	0.928857095973169	0.960196496496763	-2.01025466265896	3.89485735663442e-07	3.2272017224824e-06	23.8258126344054	9.05225462557307e-07	0.0122033444607351
180	RHOBTB3	0.67995812517204	6.14921005586133e-05	0.000575677088632407	-0.147753991344581	0.325780259374989	0.466770504478077	-0.701248850468083	7.105427357601e-15	1.47366563396645e-13	21.1999579483654	2.47857733718434e-06	0.0334137010825821
181	RMDN2	2.12894052046486	2.82833143572248e-08	5.35515956249645e-07	-0.162516161929693	0.67401065448805	0.782630287093316	-2.28466767240674	5.77258174594419e-09	6.22561396136589e-08	46.5663164243441	1.24324363147412e-09	1.67601673959027e-05
182	RRP1B	1.26932196771028	1.08979492097205e-12	4.47912357610496e-11	0.310833995645339	0.223616109126602	0.350083470808932	-0.921948232335647	6.76910537820152e-05	0.000372011046080451	23.4867056623891	1.02685857059521e-06	0.0138430803901941
183	SEPT7	0.775349695396624	2.42623232615813e-09	5.58157644862419e-08	-0.239492143439214	0.168476842436309	0.280850292182995	-0.991949620065347	2.18378115590667e-09	2.49487743752355e-08	27.1715679147816	2.76330492500209e-07	0.00372521136939532
184	SERINC1	1.44357241466289	1.58513224768342e-09	3.80953968572648e-08	-0.108653133727696	0.658899427440873	0.770525952578973	-1.59709664244412	5.08718622782567e-10	6.34415888411821e-09	39.4369930719403	7.17801446317868e-09	9.67668129781118e-05
185	SERPINE2	1.73851288296993	7.22222552873575e-06	8.32160874810997e-05	-0.16641813319118	0.574655915902622	0.70077665006461	-1.76403691017151	0	0	27.4855307996717	2.48450218470881e-07	0.00334935739520594
186	SH3RF1	3.06824360391133	0	0	0.407244626193834	0.196782708563636	0.317285933996695	-2.40645062356051	0	0	67.0061014305828	2.12101753654064e-11	2.85934374101044e-07
187	SLC39A7	1.32559680963693	4.81252815376365e-11	1.49487769679465e-09	-0.235912371541867	0.39263412470196	0.533955476153245	-1.40912761565702	0.000331034684948994	0.00155439867216907	27.8951012206236	2.16524519250186e-07	0.00291896704401176
188	SNX29	1.2525168221287	4.18808987490138e-10	1.10922671126808e-08	-0.0671524958877654	0.776383898450223	0.85870209237115	-1.22703092418027	3.99867461742254e-06	2.77009930716717e-05	27.6797679156898	2.32722520078263e-07	0.00313733229317506
189	SPATS2L	1.56082846447897	8.43523029203652e-11	2.48262343193483e-09	0.311349300857637	0.244751712734024	0.376698006549535	-0.964581798078514	0.0165272941077015	0.0478223764468606	41.2865711337101	4.4577665096243e-09	6.00951503162452e-05
190	SPCS3	1.37710735801623	7.23320292550511e-10	1.84330451112919e-08	0.42537330092352	0.0818063042346133	0.156141977543087	-0.925149369094009	6.95286050955701e-11	9.48699519527714e-10	25.895813376844	4.29348517695541e-07	0.00578804736705359
191	SPNS2	0.720606334424828	0.000422323050654372	0.00303968875914126	-0.167647705311514	0.37589350918219	0.517136483037565	-0.90185654742442	0.000162418893591143	0.000822836942691544	41.2389274796284	4.51189694481264e-09	6.08248827130193e-05
192	SREK1IP1	1.72312659743116	3.1599701883156e-05	0.000313693358679548	0.637879651339112	0.0692757093145273	0.136177579071033	-1.13812130117076	0.00441680818368262	0.0153382254312791	23.068819453308	1.20135103891349e-06	0.0161954133555928
193	SSR1	0.975273763889115	4.54825066498188e-11	1.43594770994428e-09	0.188284506787122	0.122648177134163	0.217155250321205	-0.620488607604258	0.000804393201058407	0.00344036318003438	24.3558414952694	7.44991445731546e-07	0.010043229679907
194	SUPT16H	1.15406543471872	5.69949015316595e-07	8.50884017218496e-06	0.329998259901084	0.196542538010329	0.316936597478139	-0.728571318299056	0.00816950276892525	0.0260608298220259	28.3182902419671	1.88104384833939e-07	0.00253583521194633
195	TK2	1.40834200784914	1.57968940595055e-07	2.61298072167108e-06	0.295377074863409	0.115052041083788	0.206471853813971	-1.09748551811284	7.85157347245047e-05	0.00042508860233777	20.5139091967903	3.26493371815331e-06	0.0440145714544248
196	TLK2	1.23789748135452	3.45442753513225e-07	5.40872678294052e-06	-0.0371730030848718	0.8315814212721	0.898425955475735	-1.14053806660147	5.43750485970662e-07	4.39203133695057e-06	37.1635242885827	1.31930791425263e-08	0.000177855899920397
197	TMPO	0.925419964171851	6.59944087733066e-06	7.66296834343624e-05	-0.507673054692665	0.0542771639879931	0.111134636652815	-1.2119183425206	2.28305596650102e-10	2.95941129657695e-09	28.402543499157	1.82938781726613e-07	0.00246619771645647
198	TRAPPC10	1.16235858012129	0	0	0.0431777937742468	0.747108912241716	0.836551368592275	-1.01362302787023	1.88986531046709e-06	1.38388236015246e-05	22.7455937119233	1.35805930622775e-06	0.0183079975072563
199	TSEN54	2.14750336140296	2.39848996219649e-08	4.57989280175225e-07	0.273537842024381	0.48585373492985	0.621270175661312	-1.47939030399681	0.00092528595183472	0.00389562146055086	23.9569122385792	8.62422819737424e-07	0.0116263220328802
200	UBE2N	2.32352350526813	6.70578148564971e-08	1.1879190566103e-06	0.602439433040709	0.0794096856237974	0.152409164563555	-1.57905234195422	0.0014304319902001	0.00574431148641273	27.3247588158602	2.62329972346885e-07	0.00353647035720835
201	UHMK1	0.711201028010586	6.41871832052221e-05	0.000597587995020441	0.185387531602973	0.205043097160876	0.327650310146679	-0.41905372977125	0.00057167916199008	0.00253513381012772	22.690305437348	1.38699188222246e-06	0.0186980375642409
202	USP22	0.932557048836715	4.72983874288957e-11	1.48631599284136e-09	-0.155939229143198	0.331169615084567	0.472383618765745	-1.02840374706139	3.41020145455673e-09	3.81518056505222e-08	37.0165724705234	1.37351882700616e-08	0.000185164073068701
203	UTP18	3.06537160010256	2.89013257770421e-12	1.10373590028415e-10	0.491252584629609	0.298563472568597	0.437358344783523	-2.29322200825416	0.00309850444452842	0.0112772511924103	28.5293891293327	1.75446404592412e-07	0.00236519298031031
204	VSNL1	2.72534522654555	1.03594155476117e-09	2.55778902925555e-08	0.12954380581214	0.637323835287467	0.752532430554161	-1.97926468358965	6.39171063521182e-06	4.27838386659834e-05	36.7516326545426	1.47738011629672e-08	0.000199165613477961
205	XRCC1	1.12629197671698	9.58867295297594e-05	0.000847670470896906	-0.470137994011385	0.0714886732116222	0.139550941726887	-1.6757874426504	0	0	26.9243092969516	3.00644652239368e-07	0.00405299055683892
206	XRCC2	2.71275948284762	2.82942136387021e-09	6.36785131992225e-08	0.792143372354032	0.159674014449038	0.269205276236553	-2.24503645308338	4.61951694896712e-07	3.78806009665607e-06	24.9728196041695	5.95836244943702e-07	0.00803246841808605
207	ZBTB11	1.83888976338448	2.22044604925031e-16	1.405344281218e-14	0.00891692028550663	0.959682155078659	0.976265856671853	-1.79106675660227	0	0	59.7755706874641	7.85265309971954e-11	1.05861616437319e-06
208	ZDHHC14	2.59876196339848	9.43689570931383e-14	4.57621550565683e-12	0.711332204658842	0.0584398630478111	0.118399127404199	-2.12510838419414	1.12732045920438e-12	1.87390963138524e-11	24.1896397392404	7.9168905085945e-07	0.0106727600946363
209	ZNF512	0.955384358713062	1.86143767066937e-10	5.1740291212977e-09	-0.348271174412803	0.0541790442284087	0.110992210589919	-1.30801350967755	0	0	65.8155830477491	2.6095452541718e-11	3.51792795714901e-07
