Gene	Estimate_HsapVsPanTro	Pval_HsapVsPanTro	FDR_HsapVsPanTro	Estimate_HsapVsRheMac	Pval_HsapVsRheMac	FDR_HsapVsRheMac	Estimate_PanTroVsRheMac	Pval_PanTroVsRheMac	FDR_PanTroVsRheMac	Fstat_Species	Anova_Species	AnovaAdj_Species
1	ABCC3	-2.27025548646456	6.60541283670213e-07	1.00278795553583e-05	-1.37950291048117	0.0392413060191017	0.10925486295818	0.714682854050989	0.0128411315018733	0.0421708389224735	58.708972625389	1.7265199211901e-12	2.32752150575638e-08
2	ADAMTS13	-1.25157745419309	0.0119956079754198	0.0384093658462849	0.985696642674477	0.141684834312964	0.290369907475383	1.73592408593997	9.32069215142661e-08	1.33957623553712e-06	27.9737605974291	2.9162787384468e-08	0.000393143536730013
3	ADAMTS9	-1.98692094734708	4.94954033758432e-07	7.74069063700398e-06	0.520545759781161	0.402864664155717	0.564261666232022	2.65127338624194	8.48696989796949e-07	9.74615578196593e-06	26.0348151122163	6.57620222694015e-08	0.000886537822213801
4	ALDH1B1	-2.52707563542173	2.60439374510923e-08	5.46882119592174e-07	0.35211771817582	0.561077432547575	0.701281964253569	3.2909667350765	2.26574314865502e-12	6.86392885101535e-11	32.6295804531373	4.70470549818343e-09	6.34241348210108e-05
5	ALG1	-1.91566028983789	4.228017935759e-11	1.52809409629938e-09	-0.114964193041643	0.800322525539556	0.878023109277243	2.59158642273253	2.60632826432072e-09	5.09955171717092e-08	39.9365762961273	3.64440064466213e-10	4.91301650906901e-06
6	ALG2	-0.766547678248737	0.00431175504837267	0.0161687815875137	0.483672265351259	0.255268867366326	0.411144516244377	2.14907588926305	4.60438380622818e-06	4.47202435819612e-05	30.8788551359659	9.15868644090405e-09	0.000123468251909828
7	ALKBH8	-2.07253150828228	0	0	-0.598638475732909	0.0553498218884312	0.142646324063919	1.9001944455504	3.53770090555372e-07	4.49922131205375e-06	48.9961753169688	2.29182599507707e-11	3.0896106239634e-07
8	ARHGAP24	-2.0753313765661	3.78437581436408e-05	0.00036676614200893	-0.094793299335056	0.883498098975207	0.931014812508772	2.57402971328272	4.57411886145564e-14	1.81363812856716e-12	20.9816474136695	6.51839165970898e-07	0.00878744379645368
9	ARHGAP32	-0.917499211646453	4.71622740860766e-13	2.29528742582816e-11	0.187176569067914	0.153101914853643	0.307241337522233	0.770382774939796	3.37189677579453e-06	3.3721469165049e-05	43.8055743244769	1.06550829410746e-10	1.43641173128627e-06
10	ARHGAP33	-1.07990242556213	1.02651220856842e-12	4.70694254547989e-11	0.0947681833359596	0.623598085023072	0.752414372522692	0.909295649505896	8.12752253867011e-05	0.000566019448826366	174.286975721277	3.57145771351523e-20	4.81468214358989e-16
11	ARTN	-1.7776578306085	2.060849491059e-09	5.24194565829555e-08	0.552652676295767	0.100112097760045	0.223216046421309	2.45840199760696	1.17574376901075e-08	2.04518732258502e-07	33.5127196821955	3.39049619097077e-09	4.57072791504769e-05
12	ATP13A1	-0.892710471617869	3.67549953348423e-05	0.000358274831604489	-0.0251068354694206	0.927959119410209	0.957432794181006	1.08551557165301	4.3360017354388e-08	6.70339901323973e-07	57.5782247661526	2.29354201984851e-12	3.09192399695778e-08
13	ATP2A3	-2.26487440636105	2.22044604925031e-16	1.6357285896144e-14	0.714281980877318	0.0491068242370511	0.130035179245666	2.96883127753634	0	0	74.2054838390072	5.08460565816438e-14	6.8545568877714e-10
14	AVIL	-1.52881868716574	0.00135782426146225	0.00598509638892522	0.702219329570694	0.236522335411933	0.388422171237456	3.3841883841671	5.26430508074327e-08	7.9205465171317e-07	22.6479571399525	2.96846950298877e-07	0.00400179373697916
15	C16orf58	-1.20442778796062	1.09025380501393e-06	1.56358633461625e-05	0.36981231678755	0.283950282363151	0.443818406555088	1.98932283291774	0	0	79.0200463327763	1.91401385446281e-14	2.58028207720132e-10
16	C22orf39	-0.817268647570175	2.38810283421653e-05	0.000245381206616411	0.323563919599238	0.331397707611514	0.493404899709305	1.35864758918376	0.000171112005058038	0.00108706924608266	28.8875445321747	2.0108053553571e-08	0.000271076669955691
17	C7orf31	-3.49155062309903	0	0	0.0915752709363914	0.70295527460983	0.810931033460133	3.12089747580136	0	0	145.33594822142	8.37842279832181e-19	1.12949517744176e-14
18	CCDC110	-3.21548617934691	7.93145549238261e-11	2.73462791541714e-09	-0.795122653402169	0.205815411671081	0.377907595306162	2.5739834035276	1.17741498284474e-06	1.31614688090629e-05	23.7372432243646	1.80486200424552e-07	0.00243313446792339
19	CD300A	-5.33041210067184	0	0	-0.23492526197457	0.17594848343231	0.340407793506167	5.51296425119491	0	0	516.469785226113	8.65842553411995e-29	1.16724234625471e-24
20	CECR2	-3.32975991199282	0	0	0.120049998435012	0.840572935941258	0.904587191620029	4.35968065645914	1.86517468137026e-14	7.80882604955047e-13	57.4472590295139	2.37087366980153e-12	3.19617479425945e-08
21	CELF6	-0.570057462923285	0.00116288692324007	0.00526423056151759	-0.265414225365331	0.246315967102858	0.400649801220273	0.693898403060756	7.61646834537277e-05	0.00053505789350688	33.5290998290491	3.37013228926456e-09	4.54327533915756e-05
22	CER1	-1.74136884819501	0.000136118812489538	0.00108774019630792	0.605051077591148	0.263957695162068	0.420491698754296	2.0185298892444	1.73318602203487e-06	1.87220198421892e-05	20.4406100353164	8.47399868570742e-07	0.0114237976282022
23	CILP	-4.06270242512099	2.22044604925031e-16	1.6357285896144e-14	0.735014048961918	0.221258343184003	0.38239487449774	4.53698392215312	0	0	70.9444517826948	1.01444212048342e-13	1.3675694226237e-09
24	CLCN1	-1.32282622757534	0.000125224544831326	0.00102570272837193	0.148714475752355	0.527141748958023	0.673336926066241	1.71588908672879	5.10526086821006e-05	0.000375267294243947	27.9504553141741	2.94433642594382e-08	0.000396925993581486
25	CLEC4G	-1.0844879714127	0.00023204564524848	0.00127214613403609	0.503078470451458	0.104155650982324	0.230297249613369	1.51835498352382	3.72318709196406e-09	7.05939313456646e-08	21.294090586868	5.6108470558936e-07	0.00756398291605017
26	CLN3	-1.21332769593051	0.00764556098150937	0.0264213810796534	-0.346768063927689	0.534808973613916	0.679973570997756	1.1417861590057	0.00380613119511097	0.0155958828696933	28.611926342471	2.24774156783736e-08	0.000303018040760155
27	CNDP2	-0.962657057417263	5.28286994150307e-08	1.04425761996192e-06	0.151053600868186	0.534274180810183	0.679454354257928	1.49373183081437	6.37614183673918e-10	1.35707015765022e-08	35.1423229515076	1.87869562088279e-09	2.53266956651209e-05
28	COG4	-0.867420776716071	0.000534163509602337	0.00266508448295674	0.549390446450987	0.117673155962365	0.251721963746214	1.32682162987411	3.2798727556127e-07	4.21104424937284e-06	22.266186208335	3.54479336426012e-07	0.00477873593435906
29	COL14A1	-3.32122600077814	3.24296145493008e-12	1.36194278423403e-10	-1.03551904430248	0.0717921803643018	0.17357072874662	2.46229491684552	7.66477992186765e-11	1.89594308489354e-09	38.5816193768257	5.71373311395666e-10	7.70268361092498e-06
30	COX4I1	-0.626632295839369	0.000213879274529205	0.00118216748664543	0.498327323836082	0.0877644350589109	0.202317433144524	1.16283729409424	1.53111799459094e-05	0.000129654533197741	17.664844194975	3.45219047960862e-06	0.0465389798556038
31	CREG2	-1.19818358737978	2.46163534001198e-10	7.78997793866233e-09	-0.00774875515909938	0.978188217532036	0.987292979043136	1.15373638894913	0.000211304300663073	0.00131332101301931	17.7581862039712	3.28739279776032e-06	0.0443173423066069
32	CUX2	-0.569982350552662	0.00437517534711129	0.016379266552182	0.241243308743103	0.314655386770154	0.47698968503862	0.568830434050888	0.0136109724800826	0.0442676767199019	30.6777683080417	9.90156300876454e-09	0.000133482970921155
33	CYP1A1	-0.859226258961149	0.000525025144588298	0.0026253204652058	0.307303823667534	0.166951385236812	0.327704080427702	0.888724801730012	3.03815883562208e-08	4.870085524735e-07	22.814545695575	2.74869221858948e-07	0.00370551197988048
34	DCT	-2.1468623211965	3.0275781881528e-12	1.27546192357775e-10	0.799940045146771	0.205563948519924	0.37749728783505	3.70989466692371	5.06330133376309e-09	9.32491328968036e-08	35.2092797200775	1.83436383116864e-09	2.47290588079845e-05
35	DLEC1	-2.01927444330419	1.07995147486939e-05	0.000121831178516437	0.381999550481145	0.523827858097633	0.671038984078916	2.37816615592398	3.69801901323186e-07	4.66788336305044e-06	24.3671243531914	1.36132302095638e-07	0.00183519956455129
36	DPP8	-0.575663832768682	3.17002098930708e-05	0.000313306839859595	0.150284288695753	0.308179077935503	0.469973093851642	0.499750440167437	1.91033538479157e-05	0.000157801662514554	28.3895634751221	2.46024180301865e-08	0.000331665197464944
37	DRG2	-0.69174585066499	0.00147915339485705	0.00644488264901999	0.143386822847505	0.635248838966021	0.761428789730677	0.985908580092891	9.65423780918684e-08	1.38309011589424e-06	27.2259856122833	3.97452047563565e-08	0.000535805105320441
38	DUOXA1	-0.95307905755207	0.00189481746466313	0.00796598293056354	0.846470074827876	0.0495604405743792	0.131004764584943	1.4046202224494	1.67552714422925e-05	0.000140558689678622	17.5935551394414	3.58389244098235e-06	0.0483144539968831
39	DUSP22	-1.41327443944755	7.48505701864133e-11	2.60067148629649e-09	-0.0299626869015976	0.937197080378932	0.963752828524874	2.00437908563035	0	0	18.6496118670197	2.07308689942746e-06	0.0279472844911816
40	DYDC2	-1.38695893502801	5.21804821573824e-14	2.89483572001511e-12	0.174587892860519	0.451983856761751	0.608589130344103	1.2412826336062	0.000138254709474595	0.000901262929606871	57.1905300450996	2.53052716223949e-12	3.41140366741506e-08
41	DZIP1L	-2.09357481884504	0	0	-0.151241920853337	0.719671983193527	0.823590662600334	2.43556120700904	6.21502849185163e-13	2.06876047157165e-11	68.4755543570677	1.74026619990382e-13	2.34605286409033e-09
42	ECM1	-1.12359791749916	0.00050511855730484	0.00253235525140444	-0.121745542665866	0.79161242525121	0.87308574857331	0.890487350366066	0.00132456908000367	0.00638645056063285	47.3477211561148	3.68541238144891e-11	4.96830443143127e-07
43	EFNB3	-1.21945257674284	0.000145878581243375	0.00109014789345438	0.114196308487279	0.788499103411457	0.871005933553741	1.22110613928461	1.05326666721695e-07	1.49621579986846e-06	21.9117231148895	4.18572354041866e-07	0.00564277390483839
44	EIF2B1	-0.941443985943275	1.37123356407365e-05	0.000150411714217061	0.42097368702621	0.0783010924005274	0.185612278292863	1.19416782456529	0	0	30.4100523230872	1.09902717471564e-08	0.000148159853423415
45	EYS	-3.40580892836731	8.48612047299468e-09	1.94560187238846e-07	0.31034065398683	0.579387233421095	0.715594987975243	2.1353664736572	0.00493613020253547	0.0194345710456719	31.6665394079725	6.76779266245339e-09	9.12366128825342e-05
46	FAM129A	-3.14075883618752	6.66133814775094e-16	4.70164919213772e-14	-0.346227385786703	0.599258439907174	0.73328519818359	2.06806904586331	0.000507226188332321	0.00278257238664715	25.0495127991469	1.007481832335e-07	0.00135818625817081
47	FAM206A	-1.97794858487339	0	0	-0.535143562788556	0.0684707407217582	0.167493024073675	1.12758032458761	9.52154847322362e-06	8.60898691935128e-05	31.1752733484275	8.16866284790158e-09	0.000110121743852561
48	FAM83H	-1.52322370836533	0.000247817562828878	0.00134928455755093	0.639080205386782	0.278184813075701	0.436731042864042	2.05458636344785	7.60924567799748e-09	1.35688149451169e-07	33.4400483325069	3.48241415201184e-09	4.69464251832717e-05
49	FAM98B	-0.343171617610494	0.0153670187836679	0.0471682104332027	0.4629642375569	0.0917980272125543	0.20946669005627	0.682005618208132	0.000108783907758037	0.000727799434484413	36.0699866897046	1.35297325805163e-09	1.8239432491794e-05
50	FARS2	-1.19986671342666	0.00116768889131125	0.0052788779154148	-0.469300573697121	0.392471105859862	0.553905253150838	0.997734308992856	0.000778056740961874	0.00401767056924534	23.8035441313882	1.75173254751957e-07	0.00236151064731113
51	FOCAD	-0.78054493181632	1.30770101414157e-08	2.87587559080628e-07	-0.470081540276772	0.0455609310366545	0.122626446584031	0.56175289306296	0.0118280513989606	0.0394883508938553	38.0298522967641	6.88266086692966e-10	9.27851511470788e-06
52	GANC	-1.39493067318412	6.1287619423922e-10	1.74676193964882e-08	0.292319447762531	0.299644215961569	0.460499734995202	1.84526614905703	5.60440582830779e-13	1.89355877121347e-11	31.8107946794314	6.40625872978995e-09	8.63627739362984e-05
53	GLB1	-1.19467872172997	5.85111331474764e-05	0.000540565653245803	-0.418427748001142	0.310247411773691	0.472272511079621	0.706073189011031	4.92515040966257e-05	0.000363703589222024	26.0603427132008	6.50472240635937e-08	0.000876901627601306
54	GPR89B	-5.19646958469718	0	0	0.393436097002439	0.23363510082382	0.385182193250081	5.44934938158641	0	0	233.70696372784	1.94043828086955e-22	2.61590484644024e-18
55	GRIN2B	-0.774971786167661	2.74750321382911e-07	4.595420697969e-06	0.265224091085186	0.231589325040881	0.38266080367937	0.744070049794908	0.00156808056491342	0.00736047844554242	18.2291514323944	2.57319494032726e-06	0.0346892409905518
56	GRM5	-0.866642390797359	0	0	-0.0581654516486962	0.63432373307943	0.760590433660393	0.753514648184768	3.91667587251732e-10	8.5715434151633e-09	27.3973297316776	3.7007238007554e-08	0.000498894575579836
57	GSAP	-1.20931170004018	7.42983452539647e-12	2.93729030020146e-10	1.00477363662484	0.045968424582741	0.123520098026695	2.07973326131306	5.48597569969278e-05	0.000400197177530078	27.2703476929714	3.90164948743562e-08	0.000525981367401197
58	HAUS5	-1.34380897720915	4.2308579371042e-06	5.30076169610611e-05	0.573991526517587	0.130944629877756	0.273260767087002	1.78844481966462	2.76683167488301e-08	4.47238103226593e-07	37.5142071108231	8.20360395153853e-10	1.10592784870691e-05
59	HPS4	-1.34321705875627	0	0	-0.252438939432788	0.248722150323048	0.403541137141053	1.28300349941804	4.66293670342566e-14	1.83804238885618e-12	69.2203941097013	1.47644544994764e-13	1.99039611107441e-09
60	INHA	-1.28430147248032	0.000911114918638933	0.0042589251796711	0.772060185565168	0.233329430667803	0.384866518393815	1.31203236249893	0.0155505387412747	0.0493880226374148	20.9477225536344	6.62583310606569e-07	0.00893228561028716
61	IP6K2	-0.403528635888768	4.41611189208047e-05	0.000420435059443056	-0.261224335371666	0.103100247291601	0.228676280641342	0.332570353599136	0.00292633449767932	0.0124604912707564	33.6838658944358	3.18395425457558e-09	4.29228873059334e-05
62	ITM2C	-0.772291731593812	0.00572996104756296	0.0206483840904026	-0.0711008506255046	0.858830260205839	0.915908301839895	0.714504268549481	2.15186543155443e-05	0.000174860143958923	33.4348228099312	3.48912380264446e-09	4.703687798345e-05
63	KANK1	-3.51162158360505	0	0	-0.758622042313259	0.132957815768752	0.276477605179476	3.51279079237192	8.10618239199812e-12	2.28618085411144e-10	85.6921535339843	5.33334490005739e-15	7.18988225976737e-11
64	KCNQ5	-0.778885236324439	1.48103751484996e-13	7.76881974229272e-12	-0.123438114844382	0.431159092111613	0.589722214844161	0.546828219787891	7.52001971804361e-09	1.34452766338125e-07	61.3853813634616	8.95796148486072e-13	1.20762278777407e-08
65	KDELR3	-0.796784179261846	0.000110827978745398	0.000926843660959498	0.158126022896373	0.145535901264816	0.296056961664551	0.923012432189845	0.00547716884413285	0.0211206273420352	18.1415502339291	2.69251820879873e-06	0.0362978379728157
66	KHDC3L	-1.37088052639529	5.5018199995871e-08	1.08119585152236e-06	0.291335863606154	0.0431514451196398	0.117472663905061	1.99734985811195	1.18052704656257e-06	1.31744082075414e-05	34.6857470009038	2.21266749559878e-09	2.98289705081672e-05
67	KIAA1549L	-0.379681817146672	0.00145686267149348	0.00636834165836691	0.193532846703725	0.162763812567119	0.321450184180682	0.405237038788774	0.00300000958028135	0.0127299745520217	22.2057797377779	3.64626424915862e-07	0.00491552883429074
68	KLHL38	-0.936688708761553	0.0006417145715647	0.00312647421007001	-0.0644300121294648	0.783092812076915	0.867735837547994	0.992420500217785	0.00709275924206265	0.0259971417461247	18.0311259264126	2.85127332515525e-06	0.038438015696418
69	KLRD1	-1.69363377939546	0.00253777066298966	0.0102430198526238	0.846366347381405	0.267676990498719	0.424535706930968	2.7530199467468	0	0	20.7536913918831	7.27718680774665e-07	0.00981037553552326
70	LCN2	-3.39028593009524	0	0	0.304723616088805	0.463851825372696	0.619127372064289	3.33698728358747	8.48858916491224e-08	1.23579557810132e-06	84.3204684691314	6.889008639309e-15	9.28707254665246e-11
71	LGALS9C	-1.95298021115492	1.21145982134863e-10	4.04249748802001e-09	0.0109236581911055	0.231108019141137	0.38239487449774	1.97329851621262	1.14726747217908e-05	0.000100561201511354	45.3692410991776	6.62091460652286e-11	8.92565498105347e-07
72	LHPP	-0.833363295426193	0.00278165725173052	0.0111011016609174	0.650915896936056	0.14392562220908	0.293800925651213	1.36402214626623	0.000200772889457967	0.00125480728919001	21.6631351336024	4.70717395538195e-07	0.00634574120925041
73	LIN28A	-1.88789882821122	0	0	0.0703575554187119	0.418138294200524	0.578086590515564	1.7051856299779	0.000368184701340368	0.00212024688542055	56.7572306278049	2.82614766738385e-12	3.80992967040016e-08
74	LMF1	-1.33209804807116	2.15780986705383e-05	0.000224976294027476	0.721428837573285	0.202525867012046	0.374038768139331	1.45689253213937	2.81827527981449e-08	4.54463744583482e-07	29.5418594429785	1.54746138327181e-08	0.000208613269078872
75	LRIG2	-1.08420929962697	3.79844600217893e-10	1.14046437762526e-08	0.170815522984773	0.320023923823211	0.481554025790903	1.44413989556662	8.19344592173366e-14	3.13795012701396e-12	38.2925207413234	6.29764230091116e-10	8.48985158585833e-06
76	LRRIQ1	-0.883395853094515	0.0155312821900717	0.0476073704421002	0.965917840468847	0.104817848550148	0.231230472312967	2.62524396406869	6.95201702871628e-07	8.1637753975718e-06	59.7638218437257	1.32957319393789e-12	1.79239762274767e-08
77	LRRN2	-0.702252104914118	0.000251777930977637	0.00136918849839029	-0.0947169302352999	0.714150785483797	0.819451603435555	0.544396556617589	1.93040642493258e-06	2.06047577312084e-05	34.034256687732	2.80127193857411e-09	3.77639470039176e-05
78	LSAMP	-0.838277053890247	1.64863135809767e-07	2.92052553725555e-06	0.194204510266609	0.253897661922948	0.409521611372965	0.777926365707472	3.68863653830154e-05	0.000281258536045492	18.6955622933298	2.02499156514367e-06	0.0272989112897019
79	LSP1	-1.5612193398526	1.35185690544048e-05	0.00014852797833939	0.393187845448614	0.19894888517097	0.370548483143111	2.05759176193097	0.00153541200898433	0.00725230156378291	21.9213875054154	4.16672072496963e-07	0.00561715620933156
80	LTA4H	-0.70141782784136	7.1947210273926e-05	0.000644893844217285	0.530467761787994	0.0531852761327349	0.138575706908659	1.21285154775831	6.10804915912588e-06	5.79469463153948e-05	41.4683698443227	2.21888886391611e-10	2.99128407744531e-06
81	LUZP1	-0.479631015426511	1.58908884473341e-06	2.18597007304603e-05	0.157460135401295	0.298450111905679	0.459292917648454	0.883349476913321	1.49213974509621e-13	5.45136474353442e-12	33.6072084745327	3.27478040350209e-09	4.41473146196117e-05
82	MAP2K7	-0.541329599997659	0.00890539914182442	0.0300943061248413	0.330431037527017	0.257247715421815	0.413393306902073	0.786728065358166	0.000435690597643479	0.00244731039451322	45.0487710112175	7.29221313368554e-11	9.83063252552148e-07
83	MAPKBP1	-0.860375363801843	2.10696242675112e-08	4.49429754351771e-07	0.153544193064949	0.402514547990607	0.563947061053978	1.22968738614415	2.1330124333474e-09	4.23492497996412e-08	92.0010299637354	1.71291881303767e-15	2.30918585185608e-11
84	MEIG1	-2.28078991855285	2.11854352727414e-07	3.66141342794903e-06	-0.765683420598899	0.117138740591324	0.251056025917247	1.87603274744672	5.59338666399345e-05	0.000406931708674019	22.930546354189	2.60580404680122e-07	0.00351288443549272
85	MPO	-1.49584004574081	0.000398117718551472	0.00205397051809889	1.04443117425838	0.0554822259583021	0.14293061114922	2.6745784200169	6.48969766814389e-12	1.84184451082627e-10	22.3588367269625	3.39488759889738e-07	0.00457664797207356
86	MR1	-0.996620465896367	0.0011015543191788	0.00502369884196529	0.526232163572696	0.245764517684545	0.40017036313201	1.77632495174779	1.01601110913396e-05	9.08278896699931e-05	26.6965440099876	4.9635217126233e-08	0.000669132362078747
87	MRPS18C	-0.591644499780482	0.0128902695042081	0.0407900120680695	0.248036939898226	0.61299374697205	0.743345210302258	1.63368767228411	0.00038383914330109	0.00219818839882838	21.8869352205127	4.234880985113e-07	0.00570904305603084
88	MSR1	-2.62339849777247	6.48796794067152e-10	1.83363303581117e-08	0.544863301345357	0.200414301978586	0.372238979598857	3.00065042262206	9.86832837668317e-11	2.39271465550478e-09	43.0855076893344	1.33179144367185e-10	1.79538804521402e-06
89	MSTO1	-2.27127917549885	6.24456450992739e-08	1.20089834747976e-06	-1.03618178744481	0.0677402948378802	0.166491689099264	1.14471345273565	0.000381245745745495	0.00218519298401149	40.2911589307654	3.2452934918315e-10	4.37498015633804e-06
90	MVK	-1.26921125215783	0.00393048031004284	0.0149342742558308	1.06461166975505	0.0925018112927356	0.210764283656235	2.31717081225614	4.94092100566945e-10	1.06744480893317e-08	19.9366474801575	1.08548830501766e-06	0.0146334678399431
91	MYOM2	-0.655789551631581	0.00325098589172401	0.0126702922250163	0.840991582886549	0.103813768792241	0.229692010025965	2.46513166230111	3.45508049282017e-07	4.41497062783969e-06	27.5904548620898	3.41573095233652e-08	0.000460474689684486
92	NAALADL1	-2.04469779942489	4.72955008490317e-14	2.63467209481734e-12	0.114937618013201	0.307938903757913	0.469713098162529	2.23235374916985	9.32716126555988e-11	2.26948614975928e-09	65.6766676022489	3.26905587686039e-13	4.4070142275955e-09
93	NDUFAF5	-1.96947644099545	0	0	0.243018018364226	0.50185211077785	0.652911436536981	2.08609017004755	1.93442857288062e-08	3.21951007296341e-07	38.3170346983613	6.24577808577859e-10	8.41993343743811e-06
94	NDUFB1	-0.924250235224622	2.76310850644279e-07	4.60438390301054e-06	0.0189664889046969	0.945494326617408	0.967986945337448	0.902603036818729	0.000497575106081616	0.0027345332266964	36.4906418603389	1.16794857647134e-09	1.57451147594102e-05
95	NFRKB	-1.05673353747369	5.23991304079985e-06	6.42340752234945e-05	0.358077653134974	0.15312947217008	0.307241337522233	1.17582481054835	5.75730862983903e-09	1.0559765665151e-07	27.525933343871	3.50828732818467e-08	0.000472952214712576
96	NLRP14	-1.88025432080442	7.79260114502911e-06	9.16684607645178e-05	0.0297534224762333	0.959777619212971	0.976657766048465	3.40999435184349	3.89466237038505e-13	1.34855756191617e-11	24.9795046095508	1.03885769126811e-07	0.00140048405359854
97	NNAT	-1.3273928841002	9.99237504284434e-05	0.00085528386001641	0.103608529613325	0.842097351050925	0.905360426630315	1.0166942958528	0.00173702410205112	0.00802770720594829	20.350678708207	8.8547914084963e-07	0.0119371442977939
98	NOD1	-3.22674420134131	0	0	0.218946223478525	0.774962847603347	0.861773005736263	3.12637547601222	5.73586891450262e-06	5.48154742306493e-05	45.3098981860632	6.74013829136797e-11	9.08638043059317e-07
99	NSUN3	-1.7066697224592	1.51270374004753e-09	3.91415722064889e-08	-0.738114952695709	0.132888223298038	0.276418166684284	1.3170957727059	0.00308883487850475	0.0130657618440924	22.3747246714955	3.36985809386988e-07	0.00454290569634599
100	NTSR1	-1.53876133694972	3.06163218088962e-06	3.96102336185921e-05	0.252250923538373	0.625135929639224	0.753662803386369	2.09270561770243	9.3630062804273e-05	0.000640724302875332	24.4295401023671	1.32409796029801e-07	0.00178501646027774
101	NYNRIN	-1.15579691222263	9.79614628207059e-05	0.000841694378767328	-0.689419537582749	0.116984393181199	0.250925474061375	0.935441745264291	0.00756791407033064	0.0274093790093539	32.8979451911202	4.25644400429701e-09	5.73811216219281e-05
102	ORMDL1	-0.498158263575651	6.77979717975674e-05	0.000613412387787253	0.418074902058587	0.142946969695186	0.292290019484423	0.944834877466533	0.00491990556005772	0.0193876781219346	20.9726475782203	6.54671481020722e-07	0.00882562623564035
103	PARP6	-0.380483625010641	0.00148962157529375	0.00648630118105139	-0.184469138355768	0.290120327435606	0.450507869677012	0.365030880015062	0.00197970344473952	0.00896787034224916	25.2110796354947	9.38813578786302e-08	0.00126561458556181
104	PCDH15	-1.55765711679832	1.33226762955019e-15	9.07085854240711e-14	0.265473534085013	0.481140984141954	0.63503638214389	1.79530928852621	1.30308876444829e-06	1.44442715772377e-05	38.1384657512482	6.63411333988937e-10	8.94344819350486e-06
105	PDE7A	-0.552521183863392	0.00130660419661055	0.00581139266727378	-0.0367253465391324	0.865939937635209	0.920326562561606	0.487534277525596	0.00755881825402405	0.0273852267891691	29.9834672387161	1.29927934362198e-08	0.000175155848313679
106	PDK1	-0.625431600781413	4.00942768514767e-05	0.000386355215321485	0.560685359540015	0.040113919484309	0.111065054131848	0.791021058615364	0.00881734300159498	0.0311087676012829	32.0487319945266	5.85361529977413e-09	7.8912587856255e-05
107	PI4K2B	-1.1391460208253	0.000108244468652652	0.00091776332195371	0.509779931815823	0.245009602069317	0.399150990392322	1.95947625286552	2.47541463438417e-06	2.58090214123225e-05	23.5468488408658	1.96706313124144e-07	0.00265179780722659
108	PLA2G4B	-3.42231619882711	4.44089209850063e-16	3.20147948555545e-14	-0.796278882936959	0.213046816157093	0.38239487449774	3.91824440982361	6.66133814775094e-16	3.18445033935569e-14	60.825767812741	1.02566291591511e-12	1.38269617694516e-08
109	PLIN2	-1.92931332190334	1.79428544981874e-05	0.000190913671262877	-0.489630581885762	0.479767822791352	0.633840929001337	1.61433950205944	0.0119170534340678	0.0397154169117319	19.7820691796319	1.17188494988192e-06	0.0157981810093582
110	PLSCR4	-1.72019602949102	3.14574007804769e-05	0.000311725217633381	0.600749391400558	0.252424274352457	0.407780903840081	2.23156824457271	1.01240915872935e-06	1.14499059302269e-05	25.9945023829303	6.6907684322124e-08	0.000901982492346553
111	PLXNA2	-0.396961295306455	0.00154093533485611	0.0066709535161192	-0.118036420065968	0.36575058663839	0.527007659092789	0.468730497147733	9.10339251880554e-05	0.000624543687257087	75.7998223448463	3.65914101294435e-14	4.93288799955028e-10
112	PMPCB	-0.645194078177602	0.000343143011241276	0.00180770259263136	0.254486798082789	0.315787379060223	0.477577928776179	1.13298018686192	2.38260023333048e-06	2.49765425703952e-05	40.1440333707616	3.40500954256252e-10	4.59029336432854e-06
113	POU5F1	-1.95147113224615	1.60962887463256e-09	4.14110817918351e-08	-0.295173148379538	0.488382709245394	0.641766965916479	1.18456715918697	0.000156949606042511	0.00100994636709265	25.1983111649583	9.44056938945159e-08	0.00127268315939197
114	PRRT1	-0.763268399010671	0.00877921086961075	0.0297368195309604	0.452921100043796	0.203488314819123	0.374705651905673	0.557253562033663	0.011152010090024	0.0376603827714462	26.6738042173068	5.01140621411221e-08	0.000675587671724467
115	PSME2	-0.959935370824176	0.000781131887997777	0.00372231848076989	0.11766796102256	0.786730262313211	0.8698782118643	1.86700387677266	1.19097975925797e-09	2.46629771652177e-08	22.6763276477966	2.92977355367777e-07	0.00394962772771301
116	PTGDR2	-3.66974641573058	0	0	0.540561229619181	0.266512359577623	0.423534919477445	4.0179698021025	0	0	109.217745568702	1.04165916676685e-16	1.4042607227184e-12
117	PWP1	-1.23534710462385	6.96164480507022e-07	1.04824123930393e-05	-0.11050435625079	0.7856325440709	0.869263979532157	1.20209631075653	2.55735429792736e-05	0.00020279819582564	17.7639518813903	3.2774884429305e-06	0.044183821699146
118	RASIP1	-1.2865377001696	0.00180669403392009	0.00763273026364045	-0.0227192061920557	0.967545724293771	0.980713075880025	1.05894855894063	0.00201198483626763	0.00909881502104125	17.716357213731	3.36019608291979e-06	0.0452988033938417
119	RASSF7	-1.34720557571	6.14129740328373e-06	7.4118917004179e-05	0.333130783652036	0.568090989235098	0.707411290031254	1.43508714443399	0.00809933256252138	0.0290117958743825	29.3312155784926	1.6829568419947e-08	0.000226879411869305
120	RBM8A	-0.73753770624302	8.94734526291074e-06	0.000103803064964974	0.438207882520108	0.237157203165695	0.389162213848847	1.20000421581422	0.00104361534343167	0.00518555310087521	25.962218900828	6.78402845069053e-08	0.00091455487543759
121	RBMXL2	-1.70779687671741	8.03825916939616e-09	1.84921112393566e-07	0.532226123860907	0.13405900907846	0.278338133587975	1.75767851024399	9.1926466438963e-14	3.49087519454552e-12	38.9207854737261	5.10047685573433e-10	6.87595284921544e-06
122	RCN2	-0.44867774425471	0.0112631528497174	0.0364449827467454	0.334883287756979	0.282041069665668	0.441448468612895	0.959433473495559	0.000666709389694153	0.00352052850860434	21.6258851753726	4.79101332188156e-07	0.00645876505922853
123	RGL2	-1.30940729590649	2.54363851881489e-05	0.000258993888762414	-0.0967328250424418	0.83424620171286	0.899645871953529	1.19906914852308	9.42165152562069e-08	1.3526441343652e-06	73.9114972176388	5.40590520998736e-14	7.28770081358396e-10
124	RGMB	-0.839923831616801	4.5927563285808e-07	7.22461471010476e-06	0.455281121170162	0.0501974164173076	0.132299388215391	1.33071261170618	0	0	46.5317870614905	4.68263628975748e-11	6.31266198222206e-07
125	RHOU	-2.06088683468863	6.30356860265024e-07	9.62382880320815e-06	-0.365387248265573	0.542677307297757	0.685773601394925	1.94188198978327	1.20102896516983e-08	2.08379298319877e-07	25.3841667149861	8.70679198206546e-08	0.00117376262710224
126	RIBC2	-1.87719310915926	4.84875309132438e-05	0.000456466762738435	0.185747208567054	0.792624379213269	0.87348722767711	2.64035702296139	4.33823498831032e-05	0.000324009672451033	18.9787997041557	1.7532964487719e-06	0.023636189425894
127	RNF10	-0.654990151318237	1.76106623284156e-07	3.09933862727637e-06	0.158920193641705	0.351756799403292	0.51359616730811	1.07019308529198	5.26245713672324e-14	2.05632419304829e-12	48.9001701902122	2.3553739441992e-11	3.17527961417495e-07
128	RNF135	-1.97214626193095	1.89892546131887e-12	8.42085991580252e-11	-0.00240130385353801	0.99308351110957	0.996254578187402	1.88632436343568	7.69573523351497e-07	8.96682858107306e-06	42.7918989866777	1.45968549863586e-10	1.96780202071101e-06
129	RNF146	-0.655928273146879	3.97887561840449e-05	0.000383960073097429	0.277668283956676	0.250298453330845	0.405512973122596	0.862331754270997	2.12389727605178e-06	2.24919553640644e-05	18.6377841006816	2.08566009692433e-06	0.0281167837666369
130	RNF44	-0.597095885233555	7.90432889770099e-05	0.000700580262129566	-0.0200949186439928	0.923992568394837	0.955454236042944	0.495883845696871	0.00893466030991386	0.0314403956246277	63.0138594080299	6.07295910166392e-13	8.18695616495313e-09
131	RP1L1	-1.86184083215179	0.00018145418625326	0.00109014789345438	-0.307870435755733	0.573546570949509	0.710917530521338	1.70683135719607	0.00186678713269961	0.00851646610352739	18.2370392262116	2.56272713689051e-06	0.0345481245324209
132	RPAP2	-0.725966200112335	1.60848955006454e-05	0.000173333714024141	0.341686110018161	0.121756539991302	0.258162931051076	0.778304010965406	0.000134500492426692	0.000878488923645465	42.6442261673688	1.52883150772575e-10	2.06101775556508e-06
133	RPL6	-1.06198385794649	1.93884198695926e-07	3.39448426314257e-06	0.241762934393481	0.459631865916808	0.615444694519715	1.2554059438522	0.000786821607749566	0.00405316854951162	25.5185201872954	8.21383977128607e-08	0.00110730773956707
134	RPP25	-1.36816810452459	4.23924031456302e-05	0.000405601126193216	-0.14443986711139	0.772693871932887	0.860101237513604	1.73062814535298	2.59891183684857e-07	3.41813955829811e-06	31.1530822109387	8.23873091685229e-09	0.000111066331490086
135	RSPO1	-1.03123156897379	0.00300581422231816	0.0118552900910097	0.878055679090761	0.0408317227349633	0.112566964047043	1.45347447805475	1.21866960967054e-11	3.36657479671487e-10	24.7856885945786	1.13119788639114e-07	0.0015249678706439
136	RUNX1	-1.6957957117788	0.000958102361475754	0.00445300906580028	-0.348916666330238	0.580253804096527	0.716082265955778	2.05736765570829	4.44089209850063e-14	1.77123273313275e-12	18.0448439106308	2.83102699524289e-06	0.0381650749228694
137	SASS6	-0.725165373388729	0.0110467305582145	0.035850017971904	0.581591192093343	0.177709417650084	0.34246970969267	1.23140476698972	0.000587436533074248	0.00315507247106531	29.9625464554362	1.31003751891238e-08	0.000176606157924578
138	SCNN1A	-1.63663050049989	1.43124188407562e-05	0.000156104950155529	0.0341308971427904	0.927953119729982	0.957432794181006	1.80984428960202	2.21423920023778e-05	0.000179065138922648	20.2996236684306	9.0789388980346e-07	0.0122393175284404
139	SDAD1	-0.74365767478135	0.000486622245887469	0.00244964693682187	-0.378666296584758	0.130970936688448	0.273273362869055	1.00281381571477	0.000136398287517769	0.000890452936574842	26.0158279188767	6.62990352083243e-08	0.000893777293643419
140	SEC31B	-1.12308925880266	7.28306304154103e-14	4.00746828012304e-12	0.238234549432666	0.220763433242945	0.38239487449774	1.55144066577197	0	0	79.0630594262353	1.89779149607311e-14	2.55841271585616e-10
141	SERINC3	-0.980616473858837	1.63762792149136e-06	2.24358353756352e-05	-0.122352631364024	0.632086444274561	0.758717599079811	0.699397569715559	0.00273408939599729	0.0117795650838733	21.1999491790937	5.86941092856219e-07	0.00791255287279469
142	SH2D1B	-2.45042074372386	2.83226871422571e-06	3.67486184181682e-05	1.28313960018252	0.0462079071220396	0.124039983256116	3.83071055295808	4.04121180963557e-14	1.62625601211036e-12	46.1828457465044	5.19232287445787e-11	6.99977046705665e-07
143	SIRPG	-4.05767216610336	2.17936779733918e-12	9.46236379711686e-11	0.912574365175609	0.110261561791156	0.24064045888078	5.65011245854073	0	0	82.44476870861	9.83011268629967e-15	1.32519749124006e-10
144	SLC11A2	-0.722177608067466	1.12025406728833e-08	2.49622232745685e-07	0.0875485267341042	0.665959165041883	0.784635160280512	0.626207282612493	0.00221293811128009	0.00986528395442029	21.2891827729546	5.62402627122319e-07	0.00758174981623598
145	SLC18B1	-1.9850623491994	2.27697258283754e-05	0.0002353977560524	-0.611436369251232	0.29214795610672	0.452695011066057	1.4339769031383	8.94552829455719e-06	8.14278642396526e-05	20.7382882688125	7.33170054011426e-07	0.00988386549812803
146	SLC44A2	-0.561083862184805	0.00341585775928621	0.0132287211872845	-0.0185001278287942	0.951820092780927	0.971861445942564	0.539482817349193	0.0136547856359079	0.0443887545593622	41.456765673494	2.22714025713032e-10	3.00240778063738e-06
147	SLC5A6	-1.81209373279269	0.000109728942756071	0.000926120385130229	0.0841281521101033	0.893122534960509	0.936687793200764	1.37126571158476	1.93760139690635e-05	0.000159955936507621	39.6123627342345	4.05459714269569e-10	5.46600240806806e-06
148	SLC9A2	-1.83141115721618	2.17997182452301e-05	0.000226585968900499	1.02536502112155	0.0862354895508775	0.199646339453096	3.32455167224275	0	0	27.9969459527675	2.88864422090854e-08	0.00038941812742068
149	SLCO4A1	-1.21945587313437	0.00130050904696688	0.00579001402317058	-0.416731951112326	0.424638931134003	0.584257749603745	0.967149567366237	0.000795649774005369	0.00409239015771323	41.1347735280377	2.4694520925171e-10	3.3290683659223e-06
150	SLITRK5	-1.27636747756384	1.69918523695856e-10	5.48007564101395e-09	-0.0930116357307997	0.647421410741799	0.770940126589026	1.04100021264815	9.07172115205412e-11	2.21149860489768e-09	89.2399757738402	2.79308980326796e-15	3.76536436378553e-11
151	SMPD3	-0.463996427435105	0.0155666102925029	0.0476900044923133	0.36831881666023	0.205408643110987	0.37731488183393	0.411537849729961	0.0146018526156155	0.0469243325652236	25.0381650839031	1.012499152233e-07	0.00136495010712531
152	SMPD4	-0.805353807949809	0.00428666490303065	0.0160970834422719	0.289373073502893	0.394398982525098	0.555811486872345	1.22052779274264	5.05750996637744e-12	1.45996342305641e-10	57.0483009845622	2.62380516664762e-12	3.53715174515766e-08
153	SNED1	-0.499957085826153	0.00104131458946033	0.00478947866957172	0.0764533060949208	0.796742233388856	0.876091710051182	0.817662334742121	0.00786986754613483	0.0283445590140111	24.9688305272898	1.04373106886585e-07	0.00140705385393805
154	SNRNP40	-0.915094355585035	4.9518559577244e-06	6.11878736627706e-05	0.422141972564848	0.136450606727556	0.282346988379766	1.18331669396462	8.18538483216003e-06	7.54252719906694e-05	27.9285646575177	2.97094956078184e-08	0.000400513710289
155	SRF	-0.539869505633025	0.00112281102439593	0.005110268541486	0.290368085915378	0.231549363630723	0.38266080367937	0.660276095178169	6.03029784329578e-07	7.18148809412283e-06	23.8951476181862	1.68101700019375e-07	0.0022661790179612
156	ST3GAL1	-0.687491488796346	0.000451276016032898	0.00228708720757124	-0.384576639388016	0.140017405492879	0.287740037111205	0.376249209842768	0.0117104515889195	0.03917334934745	19.8222970491759	1.14872684112212e-06	0.0154859865451673
157	ST6GALNAC3	-1.0184671913408	0.00127824006457611	0.00569839758946776	0.988747727762647	0.0371081849489561	0.104590307609633	1.45238008982739	7.80160781754802e-07	9.07450172462164e-06	27.7189431026358	3.23897660452309e-08	0.000436646436055757
158	SV2B	-0.744648911246268	9.62022550510255e-09	2.17966823587038e-07	0.374530327280162	0.0413660892494436	0.113714569570096	1.1404415309656	1.39291089995552e-07	1.93585895281448e-06	20.064429700975	1.01912903920612e-06	0.0137388785775377
159	SYK	-1.75203240009499	2.75013814410308e-06	3.58208814692305e-05	0.417657331508156	0.346570753444266	0.508225859586876	1.99606979468379	5.14137621365762e-11	1.29553070535175e-09	18.6302907378646	2.09366718194487e-06	0.0282247272797988
160	SYT13	-0.715927696403465	5.30343553117874e-06	6.47605202860693e-05	-0.424592219187543	0.0668062125624256	0.164746882588757	0.305238260775077	0.0127277372239831	0.0418844478316014	42.7435310287146	1.48196379887431e-10	1.99783539726246e-06
161	TAX1BP1	-0.657142559071325	2.40430281719384e-05	0.000246857625884159	0.292108985467729	0.196769514758128	0.367810569669208	0.90742020468676	0.000239767204218921	0.0014665615608327	41.6723021135753	2.07900646299134e-10	2.80270861275862e-06
162	TEX101	-1.15516960516496	3.63355313615088e-07	5.89457639331528e-06	0.0173875343571294	0.0992053753870505	0.221875868966961	1.0264965710729	0.00066191483832867	0.0035006959338991	29.0874259694458	1.85549175574834e-08	0.000250138843592434
163	TGM3	-4.2400413370767	0	0	0.219753469531304	0.604656387878088	0.737621200246314	4.48657850175762	0	0	160.180662435931	1.55918910186897e-19	2.10194282822956e-15
164	TIMM9	-1.19138643422201	0.00101128120038774	0.00466726527299797	0.607780856193723	0.20752784823138	0.380171615981415	1.93687599550256	1.55396338463731e-07	2.14202253459055e-06	28.0054601914837	2.8785653676425e-08	0.000388059397211885
165	TLDC1	-0.775736023457806	0.000428136387915945	0.00218459751911236	0.398605659714211	0.223307631421048	0.38239487449774	1.14886264888081	3.5391539333407e-05	0.000271859453990689	17.7058119245398	3.37881635132827e-06	0.0455498232322564
166	TMBIM6	-0.572212470700013	1.83687119053033e-05	0.000195290698103623	0.253373432721623	0.318076769135539	0.479446545666569	0.907643371505174	3.18711226210411e-06	3.20877224835142e-05	17.8478670793568	3.13683542600894e-06	0.0422876783780266
167	TNNT3	-2.2251471691815	3.96364923993531e-07	6.33103737009098e-06	0.568483600637042	0.227067703180296	0.38239487449774	2.56354451846636	3.51375598617309e-07	4.47721592151224e-06	42.9248965393824	1.40022301706397e-10	1.88764064930394e-06
168	TONSL	-0.827544557956866	0.00493352088961174	0.0181447602568528	-0.0741291011805734	0.852974246337312	0.911536883802182	0.968506339551758	0.000899148244162484	0.0045653824086285	50.4929425111908	1.50354701817084e-11	2.02693173519611e-07
169	TOR4A	-2.28661736074694	6.28982466110983e-09	1.47723216474602e-07	0.0455046677636988	0.897320924900977	0.939191256878111	2.01177707009605	6.11047780867402e-05	0.000440039269971872	38.9284214364738	5.08749430239241e-10	6.85845106905521e-06
170	TRIM52	-2.58678362592134	0	0	-0.0456252046175296	0.821769950770953	0.891986168246289	2.82201767636443	0	0	197.376193047294	3.97688687890824e-21	5.3612412014562e-17
171	TRIM65	-1.27891212402579	2.35729034070431e-08	4.98879608838851e-07	-0.737998562291268	0.0738440089860908	0.177354549285852	0.605507010567498	0.00603375450241339	0.0228101638942891	23.4669909305211	2.03959335306403e-07	0.00274957579926561
172	TRPT1	-2.01140960415886	1.10644826634143e-12	5.05628104357588e-11	0.746074490907686	0.103533196614504	0.229184076118248	2.31623966731421	4.18967405282356e-05	0.000315008343034659	38.097174434224	6.72747261882708e-10	9.06930583744078e-06
173	TSPAN4	-1.87426618948505	1.99840144432528e-15	1.34702249354746e-13	-0.43629919841575	0.196010922449646	0.366840095649538	1.77410802922663	3.83343954690751e-05	0.000291311152941715	59.8444558592847	1.30347135723618e-12	1.75720973669009e-08
174	TTC21B	-1.11457488538237	9.53681578153009e-13	4.38791172528352e-11	0.416320002396262	0.0939516153116351	0.213369563008112	1.14906314744167	3.95290025156925e-08	6.16058361750347e-07	26.6036643214495	5.16218724815901e-08	0.000695914462924316
175	UROC1	-1.83677297304067	8.52555642492092e-05	0.000745970699725115	0.820613081440765	0.0745485001956532	0.178505920273108	3.91648304029328	1.0413891970984e-12	3.33467167840463e-11	40.7888360696097	2.76092990818492e-10	3.72200960922409e-06
176	USP20	-0.777568009052784	1.42840204040429e-05	0.000155921359568342	0.13227403762442	0.562377596417684	0.702309020890264	0.870155637527654	9.3486703258705e-05	0.000640068180106959	87.5614085203854	3.78296517244891e-15	5.09981534897837e-11
177	VWA5B2	-0.867356588532649	5.42127227243228e-06	6.59604435962631e-05	0.148135802402259	0.592361429605252	0.727354443256071	0.778838876252003	0.000257442551378606	0.00156332569150225	128.828801362517	6.55809827830947e-18	8.84097228898899e-14
178	WISP1	-1.36982752348277	0.00176195401047385	0.00748122898116473	0.203608191238215	0.608223632046193	0.740122105282381	1.69635263426855	0.000227328151152895	0.0014015537740692	19.0150877389776	1.72136328857486e-06	0.0232056984932776
179	WRAP73	-1.42061975398524	4.00475794040123e-05	0.000386181271777889	0.418746708355622	0.360467123204668	0.522129288484166	1.99891930129258	5.41366951267719e-12	1.54950485563484e-10	34.0092693401141	2.82689069297967e-09	3.81093134320589e-05
180	WWC2	-0.388673176410023	0.00508043390919499	0.0186011215453171	0.29849968417467	0.135194746292888	0.280307655302126	0.975163256938118	2.38340223113198e-08	3.89935017935561e-07	40.0176398649487	3.54881817061824e-10	4.78416177581045e-06
181	XPNPEP3	-0.583279269753812	0.00292621054313669	0.0115819860047051	0.515170276983866	0.0994616515589786	0.222271295339223	0.770232057538508	0.000341565054817528	0.00199007105808127	23.6749141570262	1.8563548966816e-07	0.00250255203621647
182	ZAP70	-1.08934840858903	0.00107124507378464	0.00490538547543844	0.19168555307806	0.463674686959742	0.618952218527011	1.66120560614254	3.56511188825959e-05	0.000273386082853399	18.8320099674094	1.88896481980122e-06	0.0254651347357402
183	ZBTB24	-1.33024900589966	8.34894153811661e-10	2.30639509990471e-08	-0.119657238997898	0.719960615522137	0.823851036232402	1.30783409682198	1.76356707015657e-10	4.11326084304164e-09	35.8984782975697	1.43703427991191e-09	1.93726591274925e-05
184	ZDHHC1	-1.45745935514734	0.000622560032606856	0.0030474697892422	-0.110497500003859	0.850864246158765	0.910284969642593	1.60565302184085	4.00152733170955e-09	7.49230416094118e-08	33.9351184714103	2.90437558814321e-09	3.91538873037586e-05
185	ZNF251	-1.05562832311413	1.53365223520829e-06	2.11835714988146e-05	0.435057094749851	0.103408589782672	0.22898344265115	1.31373541656753	0	0	23.578625729494	1.93896083644665e-07	0.00261391310361373
186	ZNF324	-1.11058873754264	1.40995144175537e-05	0.000154407436119449	-0.369506045475849	0.282407846248395	0.441941957679314	1.60534330722071	1.16417986362194e-12	3.684110033213e-11	40.9329370385125	2.63534660951618e-10	3.55271076428877e-06
187	ZNF415	-0.61760889672263	0.00060102736925205	0.00295425360972818	0.173794283998208	0.591450637502702	0.726765658934821	0.740381499461608	0.00728831524652085	0.0265407287515796	41.2911178792845	2.34850989117083e-10	3.16602618428739e-06
188	ZNF418	-0.459683116284333	0.00170820226141233	0.00729897771350225	0.453974785363587	0.07437684428678	0.178284892928535	1.0845263245356	4.85471715938601e-07	5.92950839657778e-06	24.8626510896631	1.09353789594419e-07	0.00147419843752236
189	ZNF441	-2.07316879318887	2.50910403565285e-14	1.43327252138289e-12	0.787352488591914	0.101166497368408	0.225165189206456	2.3752248817385	2.25392304820105e-09	4.46840244305857e-08	26.7087325193328	4.93805389168681e-08	0.000665699045138299
190	ZNF446	-1.0343724513574	0.000178166288765658	0.00109014789345438	0.406504933402364	0.262949213784199	0.419505130298791	1.13440159149055	8.81964869625662e-06	8.03905909900173e-05	30.6981913950058	9.8233033259438e-09	0.000132427952137048
191	ZNF732	-1.98756391584153	0.00129876181175392	0.00578605683551046	1.14649426098714	0.184219433448474	0.351665559659995	2.46655190982577	2.94448909698986e-11	7.72269601488721e-10	21.8604490052058	4.2880777230696e-07	0.00578075757847013
192	ZNF792	-2.34830906352987	3.44278223707306e-08	7.05351783252005e-07	0.253726115361453	0.707508349430181	0.814457261673324	2.05844889102009	7.28196374892853e-05	0.00051289526279679	21.613277278838	4.81974459804923e-07	0.00649749769263017
193	ZNF839	-1.75155213804511	9.51748224535809e-05	0.000820365589192279	0.62025635099714	0.307195923454056	0.468909597763891	0.888847819981775	0.00598586474580309	0.0226672591680257	19.3621316530749	1.4451264733353e-06	0.0194817499870331
194	ZSCAN25	-0.841977234112179	0.000135279983067393	0.00108167820387398	0.191062872737913	0.536777323030651	0.681768898791804	0.960987360355243	2.7786604794855e-08	4.48612238610107e-07	38.9499111189213	5.05114397097688e-10	6.80944718727394e-06
195	ZWINT	-2.06391728778288	9.52726786351832e-11	3.22706276552991e-09	-0.673475303236788	0.228456157336084	0.38239487449774	1.87874507916639	0.000231898671215536	0.00142424874107364	26.3223661133231	5.81652311299662e-08	0.000784125480863074
196	ABL2	0.50857944466327	0.000140646113908849	0.00109014789345438	-0.215175609171537	0.114702141750187	0.2474871275503	-0.870690263169153	5.20716290086654e-08	7.84332548229964e-07	27.5781579169219	3.43317092030046e-08	0.000462825771765705
197	ACSL6	0.592039167764669	1.51844299023374e-05	0.000164418714468602	-0.0196113008287637	0.916345751824459	0.951055283728196	-0.598683579540895	1.90349503270681e-07	2.57382312296094e-06	18.6989371301385	2.02150574922854e-06	0.02725191900535
198	ACTN1	1.05199696306943	4.24601021009607e-10	1.25803216796275e-08	-0.00596046648362668	0.980174748337716	0.988460187188865	-0.821832432944481	4.46292237743506e-06	4.35975772247841e-05	42.3700305769854	1.66651210972925e-10	2.246624975126e-06
199	ADAM17	0.734915538960005	9.15263420608881e-11	3.11582479121927e-09	0.0822379177925448	0.666573014330302	0.784994908199752	-0.822158429284969	0.000103691116161153	0.0006978831437686	65.3728748815976	3.50494424882842e-13	4.7250153418456e-09
200	ADAM8	1.97266067044824	2.68023365539438e-05	0.000270653407553346	-1.03241796557926	0.0593220410994957	0.150549780885222	-3.00726800145706	9.41025035672283e-13	3.04219628438802e-11	62.3358066365897	7.1331154815478e-13	9.61615298067458e-09
201	ADAMTSL3	0.946277354551584	0.00044163753899884	0.0022432990441761	-0.186567750576863	0.546322973987158	0.688588656682013	-1.09255561472126	0.00172026198842823	0.00796389143750033	20.8623282356976	6.90460485404194e-07	0.00930809780373394
202	ADCY5	0.570753457179358	0.000176950977557766	0.00109014789345438	-0.0888791609116016	0.603674364719641	0.736816125919917	-0.80031600225596	1.43892536108581e-07	1.99417558810808e-06	45.8794780700823	5.68285612808168e-11	7.66105834626691e-07
203	AK2	0.787943176211142	4.63044610432561e-06	5.75858338859904e-05	0.0456712942493327	0.841818538804716	0.905228940140221	-0.360458146148413	0.00839740064930572	0.0298694876393906	27.8374021364739	3.08452806432337e-08	0.000415825228351433
204	AKR1E2	2.78688077891337	1.35220057373431e-10	4.45697211112768e-09	-0.0630746947172495	0.910896172343258	0.947076299503275	-2.41221167871972	1.52209134185455e-10	3.58103200341032e-09	35.532343406966	1.63539925302368e-09	2.20468173300123e-05
205	AKT3	0.507132451490944	0.000331455170453632	0.00175160609677985	0.0228660785243355	0.896462516042706	0.938933981447533	-0.452002767948353	0.000513866386433026	0.00281031754787165	23.8650433155121	1.70391969708074e-07	0.00229705414363455
206	AMPH	0.825864974216872	1.34191415779306e-06	1.88637588750867e-05	0.239799614649772	0.234540016605225	0.38620177890009	-0.37508390096736	0.00804271092156861	0.0288514598014014	35.7934276478604	1.49121898070432e-09	2.01031230788749e-05
207	ANKRD6	0.837855183580369	2.9213149361329e-05	0.000291720345585242	-0.0690873654914504	0.744126714652359	0.83988381113768	-1.15150257504952	1.2260944719511e-06	1.36377719277003e-05	18.2942403888982	2.48814285220981e-06	0.0335426537906404
208	ANP32E	2.88064856448366	0	0	-0.567936064758992	0.115574030590702	0.248850583995088	-2.3389523903965	4.49800208746076e-06	4.39084476039526e-05	92.3726432554784	1.60530989471529e-15	2.16411826906568e-11
209	AP3B1	0.904878469835458	1.70638631891151e-06	2.32191436100098e-05	-0.305981553808722	0.231517262849606	0.38266080367937	-1.09309382850517	1.19623829217819e-05	0.000104295519674359	53.4032174473764	6.79382504951044e-12	9.15875554924502e-08
210	APBA2	1.39204286635975	0	0	0.429357570394781	0.0380674302185884	0.106580898603695	-0.693055204194179	0.000126400201833521	0.000832438261317877	29.5620472432916	1.53509206965805e-08	0.000206945761910602
211	ARHGAP19-SLIT1	0.776096274270128	9.39485896926939e-05	0.000811872395927697	-0.301773561103636	0.290039151776347	0.450462880771536	-0.8139385143261	0.00403403580658446	0.016400131697396	26.5779328296014	5.21869203121803e-08	0.000703531872728503
212	ARMC9	1.22950291805528	0	0	-0.098179617635814	0.554156063790094	0.695002130054355	-0.916508410280656	1.13795213030343e-07	1.60804325666882e-06	66.9191921039854	2.46476763912332e-13	3.32275325430214e-09
213	ASAP2	0.634842697696548	7.97315085732109e-07	1.18507217979653e-05	-0.0574034378291436	0.757685747429784	0.84907411147971	-0.511976828311901	0.00792880766438397	0.0285187449635967	27.5584873857926	3.46126327959503e-08	0.000466612902722206
214	ATAD2B	1.18827189747846	2.69506639227757e-10	8.41022917460507e-09	0.0555937696762776	0.812987499484279	0.886506873780439	-0.480549688969746	0.00865555866103151	0.0306261381389412	98.0066808365022	6.15821743709245e-16	8.30189292694433e-12
215	ATG10	1.98604413438076	2.5932354708047e-08	5.45388570700751e-07	-0.723462339306911	0.168793974253246	0.330215116553652	-2.52056951314034	9.5812247025151e-13	3.09005957451211e-11	37.0539559413508	9.60830173258552e-10	1.29529515656985e-05
216	B3GALNT2	0.768302599361944	3.75082114278946e-06	4.74341649399106e-05	0.00609117875277487	0.980134121951282	0.988460187188865	-0.612035670776354	0.00227823171928065	0.0100952321808515	35.6878977866016	1.54781774692462e-09	2.08661310462908e-05
217	B3GALT5	1.00821263112717	0.000239743297949513	0.00130954018130548	-0.396893430063156	0.19397651662971	0.364053657341657	-1.29712842427459	0.000451243403329915	0.00251788589416001	26.4752537483683	5.4507252464273e-08	0.000734812270470864
218	B3GNTL1	2.60223317178265	3.04201108747293e-14	1.72308199454717e-12	0.718256594275575	0.0429901578146952	0.117128196746141	-1.9227178012034	3.27050254893546e-05	0.000253388763575856	38.5992688689448	5.67998137163041e-10	7.65718288709495e-06
219	BLOC1S2	1.25725379674516	0.00239571607207334	0.00976910113963118	-1.07957599835458	0.0804563672006011	0.18955475117639	-2.20296961975559	3.89817740753529e-07	4.90217627154694e-06	17.6764505334342	3.43123474052382e-06	0.0462564755370016
220	BLOC1S6	0.940050690829137	2.67347699534071e-09	6.66194886768726e-08	0.0652221440977812	0.784306640604695	0.868509760308189	-0.704742270816147	0.0104387440085927	0.0356807068914396	45.912754225489	5.62674750208545e-11	7.5854183075614e-07
221	BSDC1	0.81448169940051	1.14352971536391e-13	6.16636963712836e-12	0.11974830524594	0.539365904702831	0.683499341480223	-0.730491422783728	0.000533157793417116	0.00290638908736601	19.1103759323713	1.640387053593e-06	0.0221140578694872
222	CAP2	1.08590178572437	2.97108782021382e-10	9.20764020788565e-09	-0.180918159273892	0.49830859620352	0.650183719068879	-1.07283129554762	1.01418788056584e-06	1.14604080619515e-05	39.6959459247378	3.9444059776086e-10	5.31745369841415e-06
223	CAST	1.03934280724057	2.18292051101798e-12	9.46236379711686e-11	-0.0535162874088409	0.799784814887735	0.87764746353289	-0.924933152024739	2.41808044498804e-05	0.000193575667926863	51.7824771969539	1.05319948251821e-11	1.4198182223828e-07
224	CCBE1	1.80509906540261	1.62381219581675e-12	7.2246244923451e-11	0.674939627116813	0.0386306852127223	0.107826169953425	-1.22743175319036	0.0016945859245856	0.00786392869168278	38.6720703825464	5.5429602476479e-10	7.47246470985413e-06
225	CCDC151	2.25579852224615	1.12621857975004e-05	0.000126521272280086	-0.223593118937239	0.746042223754997	0.841215460251563	-2.87254085713517	3.64491103965747e-10	7.98976353262153e-09	20.0219878531771	1.04068358602028e-06	0.0140294554231394
226	CDC5L	0.616610980981366	0.000731139291962446	0.00350889597541678	-0.16602687935047	0.300977445210831	0.462074585911311	-0.757086750645008	0.00434079583340541	0.017478574859659	37.3600355711928	8.64840350620625e-10	1.16589127667166e-05
227	CDC73	1.03791613968649	1.62314606200198e-13	8.41601233148026e-12	0.145690013093408	0.45305059605137	0.609416791595342	-0.643974614948837	0.000315345398681055	0.00186782571160778	88.523788514279	3.17721449878216e-15	4.28320286580823e-11
228	CDK18	1.78549724982863	2.22044604925031e-16	1.6357285896144e-14	0.337714023490539	0.229945148810942	0.38239487449774	-1.12626616179258	3.26685190314979e-05	0.000253251469271779	41.2871384827998	2.35150971343038e-10	3.1700702446755e-06
229	CENPC	0.750844286412865	5.1900429436369e-06	6.37802816072644e-05	-0.257213877818873	0.390120518232779	0.551511609301184	-0.885268173089197	0.00185312367994084	0.0084598578832653	27.2582475579253	3.92138528851273e-08	0.0005286419507444
230	CENPJ	1.84890992157784	0	0	0.218754286794374	0.601210270239903	0.734676840708782	-1.17044830557455	0.00028668338460891	0.00171502369931521	60.8012739757703	1.03178077478835e-12	1.39094366249218e-08
231	CEP112	1.16754118542288	1.68946028900052e-06	2.30289324125541e-05	-0.377350184203908	0.126644013937871	0.266057028501861	-1.0657079923915	0.00065173216614145	0.00345633411949366	34.0811370708975	2.75386324464348e-09	3.71248304010388e-05
232	CHAD	3.07658190867143	2.67175570556333e-09	6.66194886768726e-08	0.971994641673011	0.131811616462104	0.274729808522824	-2.3092165426235	3.82162895551375e-07	4.81039962178159e-06	24.5437074745078	1.25874994903666e-07	0.00169692080629632
233	CHCHD6	2.10564878429669	1.98219218816575e-12	8.67595223657874e-11	-0.403768065333402	0.314443030530367	0.476755410189919	-1.82951084851856	4.67971439377379e-09	8.70168686102959e-08	42.4464478017281	1.62687794747597e-10	2.19319416099235e-06
234	CHN2	0.771293046687486	0.000728773303382502	0.00349878664633173	-0.5875559815412	0.0488449013698538	0.129519692243705	-1.70228714460122	3.16457970939155e-12	9.43842899608572e-11	20.067805506355	1.01743487101791e-06	0.0137160394961925
235	CISD1	1.08616207418834	0.000103774401642331	0.000884872048412568	-0.482945141659264	0.315306644516841	0.477466880386702	-1.72207401703043	0.00662225440747344	0.0245462226195077	20.2237198495515	9.42327074338879e-07	0.0127035112891624
236	CLNS1A	1.84535766206755	5.99520433297585e-15	3.7766985800396e-13	0.434373071401065	0.0813422665375083	0.191285888012603	-1.19285415600921	0.00176456066885144	0.00812433141283686	72.4654357250041	7.32815389514398e-14	9.8790842660436e-10
237	CLU	0.832772660323192	0.000190237886096734	0.00109014789345438	-0.250377254588965	0.44685927751391	0.604102478957583	-0.95068963586253	1.84619876364422e-05	0.000152878412362947	23.6823347154984	1.85014426312901e-07	0.00249417948112421
238	CMTM6	1.94950807758936	1.63958686627552e-08	3.54219079234941e-07	-0.098013107974313	0.827294899368128	0.895157118418953	-2.29017477176865	4.4369412588452e-09	8.26165816443261e-08	36.7799361025177	1.056281821487e-09	1.42397352354662e-05
239	CNTNAP3B	1.39608781553288	0.00866141295703948	0.029382110738261	-1.1209688125736	0.0408000467678833	0.112525523179778	-3.37283460419178	5.30397947784422e-12	1.52133930512379e-10	29.5349096238654	1.55174383050344e-08	0.000209190585790169
240	CNTNAP4	0.852342995687315	0.00309715508296793	0.0121550939369696	-0.187594675022495	0.605403941826889	0.738182077543012	-1.22572980408719	0.00434900034107555	0.017502571359235	20.4886371083245	8.27772830109871e-07	0.0111592055227112
241	COL11A2	2.87557520812643	0	0	0.559322707491913	0.0733631957999576	0.176375425685384	-1.51568765741366	1.87399007423039e-09	3.76501642186288e-08	49.2633029668977	2.12431394052964e-11	2.863787623228e-07
242	COL12A1	0.73096089120276	1.71005253055689e-05	0.000182816956101804	0.369283618494615	0.266547657030872	0.423534919477445	-0.978997304530596	0.0121826223422916	0.040451707339023	20.3286657030316	8.95071342412937e-07	0.0120664567670688
243	COL4A3	1.60815967521463	1.75348430797584e-06	2.3797201136068e-05	-0.921351887833733	0.0777355823671022	0.1846613895843	-1.94987169386316	4.62306832815784e-07	5.68127476133964e-06	22.4282560330223	3.28694431670509e-07	0.00443112963335013
244	COMT	0.683487654157276	0.00165566663132566	0.00711834094384745	-0.201935169979235	0.511607333821269	0.660648849669178	-1.21378610812227	1.17413107902919e-07	1.65569676531303e-06	45.8625883704875	5.71155946117206e-11	7.69975330960606e-07
245	CPSF1	0.884496657759252	0.000904165109086863	0.00423260231827061	-0.595129184131123	0.0988340654328994	0.221583574937788	-1.00381136297011	1.17685861056316e-11	3.25774762402504e-10	92.3383896382097	1.61492468622974e-15	2.17707996950631e-11
246	CRMP1	0.760664912023348	0.000624774091753544	0.00305608836390767	0.453684380753032	0.156842422406075	0.312687473596021	-0.481134972039712	0.011566034001943	0.0387961444091052	25.3251264553501	8.93316210496014e-08	0.00120427958336968
247	CTBP1	1.09241465125453	6.66133814775094e-16	4.70164919213772e-14	0.153193962118284	0.28005409196439	0.43899419339711	-0.599992293191267	0.000509175795696093	0.00279029332960716	42.6491766287801	1.52645857963837e-10	2.05781881121048e-06
248	CWF19L2	0.993304987723854	5.41208857529618e-06	6.59081897773874e-05	-0.475694615069515	0.0386540088112826	0.107864767705423	-0.799134152742289	4.6040852350604e-06	4.47202435819612e-05	54.0944441646633	5.65193092090858e-12	7.61936807447686e-08
249	DCAF6	0.583835897166232	2.01185297310502e-05	0.000211888983831475	0.0674758398196476	0.645675431827444	0.769547387186436	-0.383158395501263	0.01370313657281	0.0445137311176027	23.3693192568918	2.13214369961771e-07	0.00287434292145464
250	DCP2	1.24663528095686	1.4166445794217e-13	7.46007249030622e-12	-0.325754690932523	0.191929692729751	0.361615121576273	-1.42963796576726	0	0	59.5522841521982	1.40069530294166e-12	1.88827733789566e-08
251	DEPDC5	1.16168805715645	2.24265050974282e-14	1.29201587700183e-12	0.160989860329391	0.380569800452374	0.541360280786471	-0.800518252045646	1.42330591756945e-13	5.24251012971414e-12	69.9536635604357	1.2575097264204e-13	1.69524886218735e-09
252	DERL1	0.79334563767368	2.44900577537344e-05	0.000250874216244751	0.055208984275476	0.814340655920157	0.887121323835122	-0.628638172929868	0.00150244482771766	0.00713185166283867	40.0040972349746	3.56460115180388e-10	4.80543881274681e-06
253	DGCR6	2.59624228606528	0	0	0.347757462893173	0.33251618439902	0.494386531309267	-2.33155647296345	6.73128219830232e-12	1.90639527973348e-10	53.3046028584713	6.9755361946761e-12	9.40372034404286e-08
254	DIS3L2	0.509905171352663	0.000148675167506829	0.00109014789345438	-0.197818437905915	0.213838191782425	0.38239487449774	-0.497092410970993	0.00514162856128597	0.020102753664355	20.2544279905598	9.28234053022066e-07	0.0125135232687905
255	DNAH2	1.53704277838937	2.2735147098274e-12	9.82347814204587e-11	0.143308182801266	0.608384891407853	0.740153119851031	-1.07679102885424	0.00345502234969319	0.0143446739440141	47.0674201258344	4.00010385972092e-11	5.39254001328977e-07
256	DNAJC9	1.13645295096706	7.67181058480837e-06	9.04053133687077e-05	-0.244032947900452	0.453230914616133	0.60959851939939	-0.675319596486024	0.0145019795755905	0.0466924257603381	43.7211290474848	1.0936065309023e-10	1.47429096430939e-06
257	DOCK7	0.402733547015966	0.00294472198489326	0.0116449976762529	0.0083404441033698	0.967152241804739	0.980560424329744	-0.496022098868605	0.00110895768874419	0.00545011754502539	38.1808269802037	6.53974921599633e-10	8.81623591808466e-06
258	DXO	1.84176623551925	0.000101488994552312	0.000867029870443424	0.193297640635848	0.74871822167519	0.842948918189681	-2.85557966204551	2.22044604925031e-16	1.10050857315969e-14	26.6691986302381	5.02116346930509e-08	0.000676903047297019
259	EAPP	0.735605869940475	0.000107091266247972	0.00091027576310776	-0.251949824953439	0.359058034606207	0.520862968024585	-0.649887971403399	0.0134726081820615	0.0439130152085037	38.5057056612026	5.86132750484672e-10	7.90165560928387e-06
260	EPB41	0.65022337261748	0.000260107810956756	0.00140148417246524	-0.223234596628262	0.289140448241619	0.449585049912949	-0.725920737859107	6.21724893790088e-15	2.70370106231747e-13	29.7629705487725	1.41750074602036e-08	0.000191093275571005
261	ERC2	0.94914452728246	1.93319058539032e-08	4.13672099708681e-07	0.135554096575392	0.401922694980001	0.563410611523905	-0.390907260839953	0.00821843199820704	0.0293490547729349	35.410837318618	1.707428911596e-09	2.30178491572257e-05
262	ERGIC1	0.958949630112219	3.60144358779735e-10	1.09019624523735e-08	0.222338629772236	0.155055697727497	0.310134400751394	-0.477182685649445	0.000692513972277764	0.00363259955652784	28.5115841053233	2.34113916801283e-08	0.000315608971239809
263	EVI5L	0.93199535161921	1.57213933649203e-07	2.8050132544436e-06	-0.223478770390108	0.336113130650175	0.49765415862658	-0.820408267801183	8.81671836427955e-07	1.00812705910816e-05	30.2351854355357	1.17687940185728e-08	0.00015865511216438
264	FAM120B	0.642745091815358	6.22083673462726e-08	1.198044285993e-06	0.209202338645367	0.290582840405595	0.450995541274214	-0.73796974761414	3.03687638669725e-05	0.00023661891802663	29.3242631032488	1.68763616998108e-08	0.000227510232075149
265	FAM198B	1.91669757088293	6.26532472947083e-06	7.54132523910681e-05	0.178059622684068	0.788872539165267	0.871089504928642	-2.40434954041147	1.68962809752315e-05	0.000141389673387397	20.5620131989147	7.9870409741863e-07	0.0107673299373006
266	FAM207A	1.38254140821148	3.26685263951632e-05	0.000322061192862757	-0.143147386888505	0.762368403441531	0.852073277852185	-1.59918428726773	0.000100687755310691	0.000680727998667716	25.7701884197176	7.3677525422805e-08	0.000993246720224835
267	FAN1	1.18009599867562	3.96840338368065e-11	1.43811951654298e-09	0.300887301273222	0.151369778361228	0.304689193954052	-0.626811203142063	0.000707470843608116	0.0037009757247501	53.0661766177025	7.43630531835081e-12	1.00248831996687e-07
268	FBXO9	0.784637824005129	1.52009299370093e-07	2.72867824874597e-06	-0.0380853967447743	0.837721960684583	0.90252775129776	-0.68876532321635	0.000129619908074696	0.000849905632662928	26.7741694480645	4.80365254401908e-08	0.000647580399459212
269	FILIP1L	2.13675022516703	3.38815569045359e-06	4.34179913146433e-05	-0.290077941183189	0.627409607174558	0.75478394737821	-1.78677331686954	0.00601364031832285	0.0227532655434495	23.2025812746179	2.30048511071186e-07	0.00310128397775066
270	FRMD8	1.42176754822655	5.56470725054936e-08	1.09037526809093e-06	-0.456856046771589	0.223204863728115	0.38239487449774	-1.17114082422432	0.0064165232189366	0.0239350164677599	26.7619782271676	4.82839758500129e-08	0.000650916278434024
271	G2E3	0.476458232429588	0.00829032371708371	0.0283013051481402	0.0159734010397816	0.952623455219253	0.971979127950469	-0.639856506356193	0.00972612583971322	0.0337324163738549	24.3377181639508	1.37924077332516e-07	0.00185935448651965
272	GAB1	0.735873021526424	0.000546324746882654	0.00271771362093175	-0.0758431326076488	0.767316943273539	0.855860745592969	-1.24182068716554	1.12249759938177e-05	9.89045107010823e-05	21.6029158764907	4.84349207803959e-07	0.00652951167040517
273	GABRG1	1.05493536161388	0.000532748746406408	0.00265999475937215	0.453741283752343	0.287946626578658	0.448504734015816	-1.20038807285523	0.000888391118545773	0.00451598818594101	36.8643386988412	1.02586168687757e-09	1.38296414007965e-05
274	GATAD1	0.857785787882449	8.90102462067777e-05	0.000774659218278612	0.447749321748419	0.116408160953282	0.249888283090954	-0.708529648080928	0.000563857009751478	0.00304054253938387	34.1372103123981	2.6982635892833e-09	3.63752914471282e-05
275	GATAD2A	1.14248850752963	2.11327566557173e-08	4.50064285111731e-07	-0.175762329035374	0.578184712539458	0.714500137123821	-1.28366963475717	2.06636929789283e-11	5.49442297926889e-10	33.209848275734	3.79127670533115e-09	5.11102012645692e-05
276	GNAI2	1.22619619474698	3.37180283693783e-10	1.03307441010816e-08	0.0915682358718073	0.667878446979312	0.785772336373058	-0.806251499338992	7.98359585774122e-07	9.25424383131637e-06	25.0619307864453	1.00202123753367e-07	0.00135082483031914
277	GNPTAB	0.394456758275524	0.0076409526117065	0.0264190002971057	-0.166136305586886	0.446363624676709	0.603735128350228	-0.699871854562427	4.57421348147857e-05	0.000339939205864458	24.0646842679559	1.5579402217592e-07	0.00210025921295358
278	GPR155	0.548169034287186	0.000256202470417799	0.00138653773733535	-0.0582766436995251	0.74690247177099	0.841559207901506	-0.829157076254686	1.14559473018971e-11	3.18428093972939e-10	26.2952337970356	5.8840919507554e-08	0.000793234435881335
279	HHAT	1.9381574337185	7.2542793994046e-10	2.02055662362342e-08	0.114304779573263	0.80494140564338	0.881655434634254	-1.15132771816642	0.0110910079228015	0.0375107571016776	26.9683685585598	4.42695522101342e-08	0.00059679783334482
280	HHATL	1.43713911175679	0.000405627000014341	0.00208632490926873	-0.16706553068826	0.66910579559484	0.786623810099767	-1.50215880178861	3.99332190181845e-05	0.000302098611438914	21.2364631180277	5.76766721680603e-07	0.00777539217497621
281	HMOX2	1.22212126127308	3.26470626754727e-07	5.36071926830752e-06	-0.234897221296005	0.415632127463977	0.575684445735321	-0.936694124268888	0.00420424200715952	0.0169845329632956	24.7603653046734	1.14388545333001e-07	0.00154207197963419
282	IDH3B	0.482126807752924	0.00764439719826226	0.0264213810796534	-0.258773518127652	0.257444046170891	0.413610199789034	-0.542431227162728	0.000892132427972925	0.00453329712080776	58.4884248045182	1.82426120829679e-12	2.45928653490491e-08
283	IFT74	2.27269257621479	0	0	0.0338429449778573	0.923206418736448	0.9552341492813	-2.14156208127262	8.03819117600746e-06	7.41196000299292e-05	86.9159085624452	4.25644527205306e-15	5.73811387125473e-11
284	IFT81	1.57710341444488	2.39142039504259e-13	1.21198264457027e-11	0.200223915314141	0.461840526121516	0.617604615875822	-1.3247830292391	1.70918121897845e-05	0.00014267165333157	81.7928622752279	1.11400586229288e-14	1.50179130295703e-10
285	ITGA11	3.04414262161662	5.63922055718535e-08	1.09885960088465e-06	0.266351170084043	0.714441698318734	0.819622886140316	-2.72901699681739	0.000276197702017589	0.00166075879611914	24.7980179836999	1.12507420298147e-07	0.00151671253303932
286	ITSN2	1.46440554208601	4.11845890724294e-10	1.22562791453735e-08	-0.229490329793311	0.333542613632468	0.49509887407832	-0.595995123355908	0.00114082394285164	0.00557428328147264	106.190226097433	1.65689705505242e-16	2.23366291991616e-12
287	JOSD1	0.780959169083322	1.43343637117876e-05	0.000156217912044147	-0.206825619544318	0.450718536888207	0.607552904288563	-0.59678875050962	0.00289506671690565	0.0123546674297578	23.2725855521137	2.22816629593418e-07	0.00300379098354886
288	KCNH1	1.35933209952979	4.81925610529288e-12	1.96873913804404e-10	0.213516466692034	0.236554383880075	0.388427484663495	-0.568182763085457	0.00170446671918589	0.00790162167859182	61.1068729241364	9.58119083656916e-13	1.29164033667789e-08
289	KCNIP2	1.14695414264639	4.94171992215797e-09	1.18539726460163e-07	0.328635565683248	0.219536810593709	0.38239487449774	-0.438185737897657	0.00799283738820633	0.0286801812165051	38.9867679206944	4.98943408202134e-10	6.72625608597296e-06
290	KLF6	0.941215301191283	3.76815257872032e-05	0.000365456582113155	-0.381082103202149	0.114384094964728	0.247156913643132	-0.947957376832543	0.00145347505437998	0.00692133423104788	21.92346206263	4.16265341894038e-07	0.00561167307407352
291	KLHL17	2.54584215955884	9.45799638607525e-09	2.15013911097269e-07	0.0436682008078478	0.942272318737493	0.966284278784432	-1.50054400547055	4.5869752440808e-11	1.17115555426995e-09	29.0232730245428	1.90391789214489e-08	0.000256667171040052
292	KNDC1	0.478761985159104	0.00775873022727636	0.0267507524792615	-0.145305505922807	0.62174502130495	0.750760534758725	-0.473919348225191	0.00643534274058033	0.0239968057717861	71.8872401022587	8.28717416462017e-14	1.11719394913244e-09
293	KPNA5	0.696051701313891	3.94790980551285e-06	4.97865033565189e-05	-0.286000624741664	0.0725822146395649	0.175108986798834	-0.613650582796326	0.000335309788973337	0.00196706321372914	87.0635437215529	4.14291632749214e-15	5.58506550109215e-11
294	L3MBTL1	0.441141232702859	0.00194604321239389	0.00813981028429476	-0.0668143643728935	0.706931628603813	0.814333528600188	-0.615559468484246	0.00105776592982187	0.00523677653320921	35.5632021875692	1.61761949373656e-09	2.18071283950625e-05
295	LAMA4	1.41798728866582	1.45206016610722e-06	2.01806423704035e-05	0.195893244484393	0.681484026131168	0.795924240521505	-1.1885844752523	0.00973267257406785	0.0337417220074493	26.6474075693873	5.06760088833565e-08	0.000683163275756529
296	LARP1B	0.417778065757436	0.000224643374517886	0.00123508047792643	-0.256657536565494	0.149139554519084	0.301570811377546	-0.499017643708017	0.00217360344469419	0.00971563263856845	44.2112325879237	9.40725205538863e-11	1.26819164958694e-06
297	LIMS1	1.88355192690693	5.11210385134575e-08	1.01198637327448e-06	-0.836993027511446	0.100005094810231	0.223095926383703	-2.90529845042401	1.09092503919328e-08	1.90255633290616e-07	30.3454377171525	1.1271438520946e-08	0.000151950262700873
298	LPCAT1	1.16331810387139	0	0	0.265064637352108	0.325415338575676	0.487057197661673	-0.931225214561323	0.00031291784112164	0.00185507713991242	21.1400547817354	6.0404093346524e-07	0.0081430758240449
299	LRIT3	2.03685608949004	6.14127828590938e-08	1.18611135490465e-06	1.06357782838406	0.0673014239227063	0.16555077490588	-1.11572163147414	0.00165594079185127	0.00770581215566	20.1022146749489	1.00033435724021e-06	0.0134855074699553
300	LRRC17	1.43013274548493	8.07105515741036e-05	0.000713013725930859	-0.578448631267072	0.316918586673536	0.478162223497027	-1.49907014784254	0.00137868576550404	0.00662604734572547	17.6245522242113	3.5259897939516e-06	0.0475338684122615
301	MAGI2	0.61551175775289	5.71839441354527e-07	8.84055906983988e-06	0.381218393438612	0.0354873269719693	0.100801655058811	-0.348744398249801	0.0036277166192078	0.0149832254116239	22.6070390799808	3.02522865548778e-07	0.00407831075046307
302	MATR3	0.691424293102137	7.03177294170132e-10	1.9707969028498e-08	-0.0612652315288072	0.670149757136503	0.787301862828514	-0.411422709092793	0.0118567884202436	0.0395646942310159	62.8505973584614	6.31209057367302e-13	8.5093293023686e-09
303	MCTP1	0.706271033806377	6.03577396951493e-08	1.17076645874865e-06	-0.0220848352573791	0.869898971058898	0.922958289693452	-0.739048851394514	0.000986379986186225	0.00493186543182454	29.3804800813898	1.65018790267202e-08	0.000222461831159214
304	MED20	1.62133089007041	0.000191845370443477	0.00109014789345438	-0.918195268334602	0.0796850885221732	0.188231063320031	-2.3519632145641	0	0	28.1690595050561	2.6919162420811e-08	0.000362897228594953
305	MED21	0.965994370721983	2.59020244894881e-05	0.000262742808233852	-0.387076769906159	0.254255284584297	0.409889109887361	-0.958400017589343	0.00121768271833744	0.00591126421530683	21.6289734781498	4.78400309017808e-07	0.00644931456586907
306	MIEF1	0.511040502069655	0.00169171988638972	0.00723809503503199	-0.357458185355301	0.185643710698584	0.353614400895418	-0.784312809612353	2.94989188274197e-05	0.000230536188239099	27.4145848263839	3.67427208274986e-08	0.000495328619475508
307	MLXIP	0.36855253037275	0.00398171779734446	0.0151076660923166	-0.213743706051637	0.290975521818555	0.451469745424125	-0.473802958244556	0.00838921114109281	0.0298694876393906	33.9595983348786	2.87855107356041e-09	3.88057470226679e-05
308	MMP17	1.15258966079629	4.10617654189593e-06	5.15413090887329e-05	0.386814212806594	0.215819023881802	0.38239487449774	-0.925635738578245	8.45354552203581e-06	7.75781124455853e-05	27.4563417862358	3.61107864540257e-08	0.000486809512186721
309	MPP5	1.33091681818087	5.42229952049667e-08	1.06868450052362e-06	0.288946240530414	0.269401003669374	0.426517314206322	-0.91925524335079	0.00640265339321799	0.0238965034313322	45.1770198216436	7.01535923782447e-11	9.45740578851117e-07
310	MXI1	1.04925001319209	8.90107543227714e-10	2.429056637703e-08	0.315721770371904	0.146539869536627	0.297784742421356	-0.574607144565909	0.000881475194462578	0.00448590679371461	66.3365483393035	2.81232906501534e-13	3.79130081254718e-09
311	MYO7A	1.33238695901192	0.00938267311863106	0.0314318320171548	-0.37671874758329	0.535315751092788	0.680425385676209	-2.21002880594572	0.00141823291670584	0.00678716697059162	20.1438921872115	9.80025411782143e-07	0.0132117225762351
312	NACAD	0.574758196795684	0.00106785949167598	0.00489487038669973	-0.397852893279413	0.075495860862816	0.180357912509591	-0.775883696241618	0.000190369789802913	0.00119421830448258	57.9959714740512	2.06410576902017e-12	2.78262098721609e-08
313	NAPEPLD	0.850262656416538	2.06057393370429e-12	8.98983728163998e-11	-0.0502033759737828	0.744821529351611	0.84044453844556	-0.665206403306264	2.92575522609084e-06	2.97901104251742e-05	63.6363938718588	5.24501652535098e-13	7.07080677782566e-09
314	NDEL1	1.51578464645635	0	0	0.460471838310983	0.0455630792181152	0.122626446584031	-1.13031094511104	1.15755847152066e-06	1.29717753570823e-05	74.5147715366265	4.76816273037974e-14	6.42796017682493e-10
315	NDUFAF2	1.53678450293148	4.83141726626002e-09	1.1651580709562e-07	-0.979324243177152	0.0395429553615234	0.109890451706596	-1.73187785119291	0.000953174439614957	0.00479340915860328	27.1120181428854	4.1683649794872e-08	0.000561937282884669
316	NEBL	0.756630446457755	9.37239397202916e-10	2.54223829249346e-08	0.0302899278157939	0.864473483082942	0.92002135194105	-0.725688766733316	7.13990251877128e-06	6.67034136213137e-05	50.5604042755488	1.47556539088233e-11	1.98920970344846e-07
317	NECAB1	0.543007291452176	0.00123058864226122	0.00550782386664128	0.0418631388626664	0.865047490873814	0.92002135194105	-0.722857361039042	0.000549981206184214	0.00298362037849875	19.1811324353658	1.58285418964456e-06	0.0213384573305984
318	NEK1	0.784570080706248	3.82119343056431e-07	6.13256055207588e-06	0.0409765760278448	0.817833874930138	0.889345685886359	-0.458356603511441	0.00393274350990946	0.0160415477328561	53.8202268335491	6.07870158829393e-12	8.19469761117905e-08
319	NEK3	0.754913659208243	0.0152934063019381	0.0469529515728598	-0.83457514386707	0.0922309990771233	0.210241139424873	-2.02796011440199	2.93529911266077e-07	3.815888846459e-06	24.8299265774972	1.10938729465052e-07	0.00149556501191837
320	NEK4	0.663414429646902	0.000191893282569744	0.00109014789345438	-0.161768888310058	0.488219662082302	0.641677806817931	-0.933214781536204	3.59014817874481e-10	7.8953976505153e-09	34.3426148525889	2.5044659446748e-09	3.37627054001609e-05
321	NPHP1	1.22019251003016	3.85638372346619e-08	7.81773067308989e-07	-0.424932118943849	0.0898612336047544	0.205988656729416	-1.60301203132266	2.88213897192691e-13	1.01979305723219e-11	52.241345852076	9.29328567802437e-12	1.25282784225447e-07
322	NPRL3	1.26072823139295	1.748199001117e-07	3.08071512863507e-06	-0.00275551791339625	0.993586461746208	0.996254578187402	-1.5483110666806	2.07809430996519e-07	2.79588716493421e-06	29.2357671282399	1.74840763762336e-08	0.000235702833628005
323	NUDT5	1.41626188119996	8.03625481049508e-07	1.19313602533353e-05	0.276749503718937	0.344391968396211	0.506076752338055	-1.00530366126868	0.00860658467104503	0.0304927282246925	39.0994840104483	4.8055818559711e-10	6.47840490003464e-06
324	PANK4	0.770122084125469	0.00309629352836693	0.0121550939369696	-0.436132432620777	0.225514296926993	0.38239487449774	-0.682185027686345	2.43820196668132e-05	0.000194608648388578	20.8920904925147	6.80607097480201e-07	0.00917526428113058
325	PDE4C	1.32680844811831	1.80413528561019e-09	4.60635374721798e-08	0.290209279889052	0.341294095716244	0.503059884578032	-0.986643979720403	3.94621801902417e-09	7.40932661761349e-08	17.6861482272381	3.41382769759306e-06	0.046021811191252
326	PDE7B	0.978540314524518	7.27596458505175e-06	8.63444353618686e-05	-0.20917569094111	0.52525138209096	0.671964843965636	-1.10436112956109	0.000148483735203486	0.000960052390541102	24.1319990561633	1.51173355557906e-07	0.00203796800627613
327	PDE8A	1.35871470031207	6.91391923934859e-07	1.04257880610356e-05	-0.304187197197973	0.206781902205624	0.379277303534688	-1.78709746463131	3.79318798593431e-12	1.11165146170392e-10	48.827984892538	2.40437371355157e-11	3.24133620323887e-07
328	PEX3	0.789839935893264	0.000154279753137088	0.00109014789345438	0.0589096347022418	0.857960740776742	0.915479558842113	-0.591884117921958	0.015389847355531	0.0489317292924323	18.6987217564318	2.02172801679505e-06	0.0272549153944141
329	PGBD1	1.10711799862699	1.02810204793968e-10	3.46496092706872e-09	-0.341023184489143	0.191815518086783	0.361608865798898	-1.52182317836212	6.84983556542562e-07	8.07190850152996e-06	61.2366831017994	9.28522230700055e-13	1.25174081920674e-08
330	PHACTR2	1.06086175290955	1.33226762955019e-15	9.07085854240711e-14	0.177976192950708	0.307553092058985	0.46928389745865	-0.87602317428488	1.76054348832722e-06	1.89567785672038e-05	110.882608381817	8.10758390576616e-17	1.09298338633634e-12
331	PIK3C3	0.554463742650577	2.11206109064221e-05	0.000221233065757169	0.178502042290539	0.289462238014073	0.449825986244117	-0.427665841792096	0.0133624220508979	0.0436171456823618	42.975699821875	1.37818619322645e-10	1.85793280708857e-06
332	PLCL1	1.31141024306571	7.85489451260446e-11	2.71517520319028e-09	0.555323048201848	0.046289764497798	0.124185535362152	-0.723075501078643	0.00445932957513429	0.0178704583835866	56.9542113551285	2.68749318610527e-12	3.62300956418851e-08
333	PLEKHG1	1.26985364590059	0.000568147139996977	0.00281587926261002	-0.968161600973913	0.0357959435565098	0.101400528490294	-1.59107114034391	5.84393271485517e-06	5.56370458537871e-05	26.5144510586661	5.36089297388998e-08	0.000722701981810108
334	PLEKHH2	0.969927565090624	0.000259011966115663	0.00139781437758417	-0.175167967222406	0.619416891036825	0.748843969874221	-1.61091689930233	9.89444465875344e-05	0.000671636497707226	21.9800526965771	4.05329844719903e-07	0.00546425163666901
335	POLR1A	0.764067824902444	2.3312685115684e-10	7.39478371869495e-09	-0.0060645463925618	0.972498629818347	0.983738985655379	-0.92605307575545	9.06654751275937e-11	2.21149860489768e-09	21.6058412827151	4.83677485183726e-07	0.00652045617776182
336	PPFIBP2	1.5943114550771	2.90008490555493e-08	6.02404385389616e-07	-0.54040476952106	0.14470973563821	0.294821209934821	-1.74019762484799	1.07703389540248e-07	1.52836778357061e-06	35.6317471496878	1.57884932487866e-09	2.12844677486893e-05
337	PPM1G	0.636794936345968	0.000326004121228074	0.00172821925217289	-0.170402451046184	0.378114829400698	0.539232626166381	-0.358089863342508	0.0126849348888587	0.0417596110468142	18.0779591873336	2.78277253671528e-06	0.0375145565674587
338	PPP2CA	1.40524617057387	6.68476474174895e-09	1.55107252123094e-07	0.0506181069320115	0.874548982706743	0.925851644092163	-0.751254156447632	0.000340282512555357	0.0019869492064542	47.1596951897726	3.89349941779976e-11	5.24882656513586e-07
339	PRDX5	1.14162566642686	0.00279946539726561	0.011152362003705	-1.28555874565745	0.0428933324843956	0.116911648852029	-2.05516087715856	2.07666819238561e-05	0.000169464672527545	26.8607682269143	4.63167156683955e-08	0.000624395643925639
340	PRKAB1	0.735927704919499	0.00281137166200329	0.0111964848967404	-0.39325639670465	0.198735828532001	0.370356331827469	-1.33762224164314	1.58309690223568e-05	0.000133385808368995	29.2333864013972	1.75007395048099e-08	0.000235927469264343
341	PRKG1	0.996761177777719	5.17357380269701e-07	8.07233199469425e-06	0.0678326571048802	0.815852990010026	0.888194634444412	-0.610695821263921	0.00817421764101822	0.0292298748059859	26.7461452724417	4.8607346040563e-08	0.00065527563197283
342	PRSS12	3.31190888133178	0	0	0.587912603631411	0.0574733115787802	0.146769788481443	-2.86985647392687	4.1053827004589e-12	1.19793645421832e-10	132.828730797582	3.90327690681553e-18	5.26200759807802e-14
343	PSMA7	1.74938694283832	5.73522411340122e-07	8.85642110799104e-06	0.243033158107993	0.458077014797043	0.614155766929779	-0.888107168347116	0.00340901593826226	0.0141876967078983	27.2897539965045	3.87021476785168e-08	0.000521743652854085
344	PSMD14	0.513897432198352	0.00242750844731954	0.00985809882561139	-0.271081067804051	0.435985818818856	0.59475042542993	-0.853398913338557	0.00993118719781449	0.0343552308477642	18.6985990233702	2.02185468988984e-06	0.0272566230744049
345	PSPC1	1.6702062966616	0	0	-0.311779818030596	0.0968192290929391	0.218227725698363	-1.3903326458391	0	0	109.857520866359	9.45664505860678e-17	1.27485032035078e-12
346	PTP4A2	0.658201591060571	0.00132004853678169	0.00585766106792429	-0.536714971907695	0.0502725149802434	0.132471417992311	-1.16835958271833	1.29254118519384e-09	2.65216860237415e-08	36.4491885289274	1.18493895460999e-09	1.59741620470973e-05
347	PUS7	1.56847954882761	0	0	0.167847277734849	0.500878462720303	0.652085229930701	-0.990329521147131	0.000777634818301731	0.00401767056924534	69.1974774187147	1.48390187930865e-13	2.000448123496e-09
348	RAB4B	1.04598800254086	5.11046174316299e-05	0.000480098500066761	0.168201069107215	0.67721844061011	0.792877308120018	-1.27026848619228	0.00570629432742908	0.0218107609379278	18.1248742093638	2.71588462937177e-06	0.0366128406885609
349	RANBP1	2.0939770391332	8.88178419700125e-16	6.23621524790489e-14	-0.168392563470609	0.589593595567719	0.725012429248237	-2.01350244204189	3.30532999859301e-07	4.23969112378995e-06	46.1329664612311	5.26981369734437e-11	7.10423584538994e-07
350	RASSF5	0.717064934400265	6.75459264751765e-05	0.000611953383610118	0.237910402211371	0.311207551486348	0.473355293407214	-0.520545366941734	0.00471869989648721	0.0187151495453204	19.2622610195264	1.51948857281249e-06	0.0204842254500851
351	RB1	0.375427016315876	0.0110256582880064	0.0357988678662365	-0.188056363043128	0.445589961637153	0.60317886853721	-0.568482581218425	0.00860880673712483	0.0304927282246925	22.703775379497	2.89284066920045e-07	0.00389983850614912
352	RBM26	0.31755516990518	0.00288139170082058	0.0114266396285679	-0.213133876756889	0.113973501200485	0.246613591179855	-0.555048562193283	0.000108512223616852	0.000726342247556497	28.5397922986858	2.31447802167419e-08	0.000312014782101897
353	RBPJ	0.511005655362278	0.0125476230031727	0.0398667230039526	-0.0946836496113387	0.702125034778822	0.810295638801296	-0.670777453084441	0.000310948974610481	0.0018450277846496	18.4072148977112	2.34746061280732e-06	0.0316461165212555
354	REEP3	1.43803879251236	8.9507498302055e-08	1.68762319525875e-06	-0.0209160077884882	0.932682565901771	0.960468541052768	-1.51064866649657	1.19130937712431e-05	0.000103948490051863	39.762600443124	3.85879036672895e-10	5.2020352933873e-06
355	RELL2	0.598992004405473	0.00183588192795359	0.00774632997519321	-0.206365693351144	0.414908598194748	0.574977673957998	-0.839446977537376	2.12487938355821e-09	4.22499984804546e-08	57.2526585234594	2.49088162643638e-12	3.35795752059889e-08
356	RNF213	1.13281470684248	1.48123880494566e-07	2.67675339537164e-06	-0.294877741609457	0.307856146227388	0.469640003088313	-0.962026249883413	1.69095825286458e-05	0.000141413202275853	26.839007585914	4.67426914098201e-08	0.000630138222895785
357	ROS1	2.41323029617896	2.85413287204328e-06	3.6996697353861e-05	0.798240025666927	0.253090059049202	0.408611627070933	-1.89585336045051	0.00712105174512501	0.0260672650611379	19.0919368688579	1.65573830375906e-06	0.0223210080729758
358	RTKN2	1.41659756377444	0.000116004383770907	0.000965342652849133	-0.151348453519061	0.756648562619413	0.848157563334612	-1.7664037250478	0.000160902414193087	0.00102997409579155	18.6285103059854	2.09557442208461e-06	0.0282504387841226
359	RUFY1	0.870675585343874	8.45030712071093e-10	2.32486918967968e-08	-0.300610365023401	0.107432370044338	0.235648516200411	-0.894846666517363	7.76691633008753e-07	9.04195155836873e-06	29.457195519408	1.60048849208541e-08	0.000215761853618034
360	SDCCAG8	0.730346818419983	0.000108335500344836	0.000917957812789903	-0.146244625626303	0.498767301454942	0.650341618233299	-0.537324297384903	0.00593557589936489	0.022527448958147	36.8427513093248	1.03355344089203e-09	1.39333339366654e-05
361	SEMA3C	1.12878309986955	0.00438232111643133	0.0164014633455333	-0.683711753419136	0.0743321853525631	0.178241229231217	-1.48410629145611	0.000465886103554025	0.00258887492251105	24.9099081438031	1.07106878169999e-07	0.00144390782460976
362	SERTAD2	0.448067108928651	0.0060519241259116	0.0216695854293265	-0.449369208274817	0.106477458817637	0.234087185636101	-0.967766962879847	0.000491661010772804	0.00270818803583714	26.5084181990344	5.37461709396599e-08	0.000724552130437555
363	SIAE	0.912131789484375	0.000290192055222738	0.00155056642745055	-0.261755479871703	0.421806802951625	0.581883673532271	-1.29834574871867	8.82054991169223e-05	0.000608545718318951	19.2772542602414	1.50807299302625e-06	0.0203303320189868
364	SLC25A26	1.6390115830017	1.2456957747542e-06	1.76957057317822e-05	-0.476634808821518	0.101586208011516	0.225932576351797	-1.67459054515728	1.11905828805714e-05	9.86659567122191e-05	35.763393062667	1.50710243079559e-09	2.03172478695553e-05
365	SLC46A3	1.35646480895905	6.2694222693338e-05	0.000574171750087561	-0.549080865941247	0.185047158072224	0.352895846367472	-2.08621258165416	4.17347500474285e-05	0.000314140795862303	27.2581592884948	3.92152964444261e-08	0.000528661411367308
366	SLC4A1AP	1.07665717461986	9.1052333917041e-07	1.32271176027546e-05	0.0647949596747602	0.707056182331384	0.814366275630046	-0.59670062982645	0.002546477739509	0.0110917823606852	38.6028161384654	5.67322313665091e-10	7.64807211051909e-06
367	SLC6A7	1.13350050171531	2.44693154627385e-13	1.23547131742763e-11	0.232872042858915	0.303358552287549	0.464988816758209	-0.918589395053158	7.9622906576482e-05	0.000556163939667126	55.6498239351966	3.75906258639355e-12	5.06759227271714e-08
368	SLCO3A1	0.671301248983361	0.000613125984450402	0.00300456248505121	-0.449714822530853	0.0445892299160493	0.120555207575818	-1.20494594860575	4.86736650984199e-09	9.0381498511267e-08	22.357607693566	3.39683191669209e-07	0.00457926910689261
369	SMIM14	2.3131365193341	6.66133814775094e-16	4.70164919213772e-14	-0.0239513736817513	0.945188097990366	0.967875484163169	-2.27545953811976	1.05263625083118e-06	1.18452331364401e-05	59.2062723125897	1.52578280771319e-12	2.05690780307815e-08
370	SNAPC1	1.46510552048651	2.03641127125564e-05	0.000214140876347873	-0.519729317391188	0.227585252384436	0.38239487449774	-1.36133542293285	0.00700873635800559	0.0257802932721073	27.8584035595254	3.05796400171631e-08	0.000412244127071375
371	SNW1	0.55791306930131	0.00273288274316164	0.0109226185178067	-0.254826762083298	0.295259353268031	0.455683038512458	-0.707652959836436	0.000249713336889723	0.00152325135502731	22.8441094082338	2.711510939533e-07	0.00365538789758444
372	ST5	1.08739936455375	1.64000590885394e-10	5.32745051982167e-09	-0.248602593357795	0.25203955928695	0.407452368239281	-0.864917453076771	4.70683901900859e-05	0.000349025835067408	51.5763867835069	1.11437343809041e-11	1.50228683188969e-07
373	STK17A	1.55997997049211	9.83146430111326e-06	0.000112320313765515	-0.878862775377802	0.08364600350468	0.195430116680518	-2.72671537493978	0	0	31.1653315212929	8.19997618619775e-09	0.000110543878966132
374	STRN	0.586933164013641	4.15805937237224e-07	6.62586269491136e-06	0.231192063239638	0.0811488933323183	0.190952737129165	-0.450469839927759	0.00636943776824306	0.0237988887343915	50.9715657991089	1.31644724304334e-11	1.77470252834672e-07
375	STX18	0.778601460580295	0.00428181636659963	0.0160833564887516	0.126724105033759	0.626059719758322	0.753886244054238	-0.522548335063535	0.00978353450821445	0.0338879313220039	24.8381479155182	1.1053828892836e-07	0.00149016667304322
376	SUGT1	0.638425356085055	0.00261941040592695	0.0105284053912645	-0.31149112429422	0.244374196484232	0.398473054062279	-0.534965245779196	0.000542600324021203	0.00294920281589901	26.8385227138087	4.6752229806452e-08	0.00063026681002078
377	TADA1	0.728513991875842	0.00780784956040592	0.0268994684190729	-0.631824985924769	0.0634182654881434	0.158132536359981	-1.19147018191996	0.000431888555336046	0.00243000401272339	22.329443078884	3.44171032836834e-07	0.00463976969367335
378	TATDN3	1.84077307355815	9.37028232783632e-14	5.09357967990167e-12	0.751458110192584	0.0505550414529163	0.133059842605772	-1.37087600737969	0.000119194587205884	0.000788450554525282	58.6838320830251	1.73737807931974e-12	2.34215938873095e-08
379	TBCE	1.18268791458161	1.51835149111434e-05	0.000164418714468602	-0.144218119092247	0.69588527485144	0.805831473180306	-0.940386085642329	0.0032320628403435	0.0135905923738836	19.337329958744	1.46322902725673e-06	0.019725790516448
380	TEK	2.74854864117819	6.43241016007323e-12	2.55797408165036e-10	1.52087872545514	0.0398898598181998	0.110649218150031	-2.24725191839964	0.00175555096210944	0.00809113932314441	20.892319008541	6.80532017139647e-07	0.00917425212305958
381	TFCP2	0.68304163699028	0.000490570994930106	0.00246860305436833	0.121811180811477	0.646512298874391	0.77027240840704	-0.548745901665809	0.00819765892038538	0.0293059241330457	26.5831043662085	5.2072836665153e-08	0.000701993911082927
382	TGS1	0.957504790644805	3.41628059175036e-10	1.04432831422645e-08	0.0453077590596426	0.823447776759763	0.892419398180263	-0.928350496318769	9.23104124117557e-06	8.37440558359946e-05	83.0882197799326	8.6950843124029e-15	1.17218431615503e-10
383	THAP6	1.32719832402592	2.90270621183808e-05	0.000290292154612679	-0.121949286524641	0.674761234524426	0.790927415235526	-1.35185849350712	9.32949950760431e-06	8.44772988192358e-05	37.3641356853397	8.63625176730958e-10	1.164253100751e-05
384	THBS3	0.968515859964868	1.20181008256282e-07	2.22244193731541e-06	0.321118507471172	0.243334997790404	0.396998560475909	-0.976044778749851	0.00450232266884543	0.0179999442166979	24.5677576761252	1.24542146142626e-07	0.00167895267214873
385	TMEM150C	0.695092232125814	0.00217206608525711	0.00895736399368341	0.114328764544914	0.644902071800487	0.769033598402686	-0.862474229393098	0.0028340455960596	0.0121326670944679	45.6793457727657	6.03295353246317e-11	8.1330246571136e-07
386	TNKS1BP1	0.656449668812589	3.5088604412703e-05	0.000342841686469068	-0.339441381093829	0.122071405492113	0.258627159742131	-0.45334646610232	0.00214735377961128	0.00961743398768761	45.7624806812448	5.88484674354547e-11	7.93336189497364e-07
387	TNS1	0.77175948606447	0.00043666709309842	0.00222223823407316	-0.487531456811982	0.236732621009419	0.388625482687284	-1.97151294033425	1.55431223447522e-15	7.2504094231697e-14	30.9584214483948	8.88113669815522e-09	0.000119726603827831
388	TOP1	1.02858702148022	1.62487370003461e-07	2.88983144461301e-06	-0.17162949389275	0.374945028508622	0.53630068215647	-0.613717145757144	0.000998497048427138	0.00498545878142454	85.2402366255484	5.80043658002748e-15	7.81956855353505e-11
389	TOP2B	0.548242463065872	9.04142343038927e-06	0.000104714286310204	-0.0962360875311106	0.44224376264646	0.599968618721639	-0.650536203443033	0	0	43.9590056609647	1.01638043360438e-10	1.37018246254206e-06
390	TPP1	0.714732915354834	0.000129947023316035	0.00104711047299669	0.0347397347583738	0.876031145618892	0.927056744963363	-0.625158559193786	0.00110111962467374	0.00542154626012663	40.4199506015019	3.11194356007168e-10	4.19521111333263e-06
391	TPRG1	1.27906969136343	2.61785866157993e-05	0.000264950094720413	0.559428981080142	0.240371087088467	0.393305331355702	-0.895949797752889	0.00686844940290432	0.0253403301588815	50.510926647747	1.49603349236929e-11	2.01680275106304e-07
392	TRIM27	0.497033694576926	5.27821719094046e-05	0.000493451081491459	-0.279649414106426	0.0633192892265835	0.157958426732711	-0.493028533196642	5.36315397710041e-05	0.000392511828258907	32.6251277937329	4.71254850503569e-09	6.35298663963861e-05
393	TTC7B	0.410760954301542	0.000353462057927967	0.00185471003286328	-0.0419540108061051	0.787383235402197	0.87020113104255	-0.442748893200749	0.00142316319543867	0.00680487785760628	19.1196446335659	1.63272707245748e-06	0.0220107936637993
394	TUBGCP4	0.979323032078798	1.86703542064404e-05	0.000198185074848049	-0.0986596160494885	0.637946237261907	0.763643511323723	-0.884251400249515	0.000293116441510088	0.00174767923396617	40.7271851049157	2.81656573875913e-10	3.79701227242118e-06
395	UBE2O	0.595891779083913	0.000401088225290946	0.00206641825160899	-0.379198451760828	0.0487482343328622	0.129288795404548	-0.584058803622133	9.09716836239305e-06	8.25851358204853e-05	40.8127765289944	2.73963776759951e-10	3.69330567450091e-06
396	UIMC1	0.853088418471629	2.11061434995941e-09	5.3584165822604e-08	-0.0830541870398618	0.669875423814964	0.787116760084505	-0.533592438600718	0.000233821156043312	0.00143344384020914	82.7156244522689	9.33443082221144e-15	1.25837461914232e-10
397	USP8	3.47178546688999	0	0	-0.302029643309205	0.288321623720955	0.448966856983241	-2.31060913371781	1.96499252425042e-08	3.26634577304808e-07	194.36666728308	5.22257200357502e-21	7.04054931801948e-17
398	UXS1	0.677163934525939	2.60842050054944e-05	0.000264391855397797	-0.325085275654468	0.0692072657743326	0.168957470102097	-1.06928351210907	2.3736010767994e-05	0.000190467357835314	58.6496459673671	1.75225831917788e-12	2.3622194400837e-08
399	VPS4B	0.788223413454429	1.03194224787551e-06	1.48311443961724e-05	-0.131834151126475	0.502996567993737	0.653936372709784	-0.589725998752189	0.00994163457690167	0.0343825489305314	45.0613295899447	7.26460222255578e-11	9.79341025622745e-07
400	WFS1	1.26136031618904	0.00805137448331394	0.0275833746911195	-0.093687520365743	0.864971850539501	0.92002135194105	-1.73112094146788	6.74367041775259e-05	0.000477978027874462	27.527662925255	3.5057721449302e-08	0.00047261314285804
401	XRCC1	0.887014968568636	2.08943973234454e-13	1.06695973605064e-11	-0.363546588479331	0.0634242729840824	0.158132536359981	-1.10027628455568	5.76139136398979e-12	1.6455363766514e-10	42.265976123619	1.72211992596828e-10	2.32158987219784e-06
402	XYLB	0.798789229268028	0.000529720071644757	0.00264683331573127	-0.30399500917461	0.416636912638645	0.576601410558535	-1.25665457375795	5.76719221434541e-05	0.000417489890843476	18.3720150499424	2.39037404630807e-06	0.032224632518279
403	ZBTB11	1.66336156663456	1.33448807559944e-13	7.0549936263357e-12	-0.272308217743594	0.201193034896417	0.37317136828844	-2.05696249498001	0	0	87.7784681568725	3.63646935883757e-15	4.90232434264892e-11
404	ZC2HC1C	1.34610058481443	2.15581568152601e-08	4.57677971695309e-07	-0.701679299590916	0.0465610849286595	0.124764457547855	-1.3469959360583	1.37533299504611e-06	1.51107286929231e-05	24.8897615325254	1.08058787125766e-07	0.00145674050924246
405	ZNF200	0.933167805397969	0.000539693258685636	0.00268869357736181	-0.282447669816965	0.425102994680888	0.584798540049272	-0.962613066047612	0.00276721997474105	0.0119032841351258	19.2301888486102	1.54421382617048e-06	0.0208175465906042
406	ZNF277	0.781410472981962	0.00025767641251484	0.00139253361164912	-0.182466478615878	0.531483183744514	0.677240381323266	-1.23978143810927	1.05426778418405e-12	3.36791090013866e-11	31.3037544303903	7.77511217229588e-09	0.000104816287194721
407	ZNF283	1.78529167603174	0	0	0.577033159390174	0.0804804050501851	0.189578252748828	-1.16046674037505	0.00188542866895292	0.00858988303012986	92.4525156412439	1.58312319613751e-15	2.13420838071298e-11
408	ZNF827	0.385323865152439	0.0143872531388265	0.0445720766526239	0.0328249197189266	0.876817639633407	0.927670585457382	-0.613468636772096	0.000257179499394411	0.00156254859652269	18.1115682211684	2.73468184037617e-06	0.0368662458901112
