Gene	Estimate_HsapVsPanTro	Pval_HsapVsPanTro	FDR_HsapVsPanTro	Estimate_HsapVsRheMac	Pval_HsapVsRheMac	FDR_HsapVsRheMac	Estimate_PanTroVsRheMac	Pval_PanTroVsRheMac	FDR_PanTroVsRheMac	Fstat_Species	Anova_Species	AnovaAdj_Species
1	ABCA1	-1.32929055134933	0.0002647029288807	0.00147346603762581	-0.231983275742405	0.517677682237343	0.610122202904514	1.06895471209411	4.02981793190538e-05	0.000206346395877137	17.4521682599525	2.82485838633808e-06	0.0236497144104224
2	ACAT1	-0.415845157058391	0.00860250532264262	0.0278500288326234	0.0865064720388197	0.726850268310806	0.789874149311795	0.74473397248412	0.00688170158595014	0.0189751766162275	33.8645948541081	1.47209614382782e-09	1.23243889161265e-05
3	ACVR1C	-1.15679655523187	9.12527710994482e-05	0.00059731680972993	-0.268545043867977	0.423967495220589	0.524446789300646	1.1441554385089	0.0023046995640672	0.00730315849749077	17.3397092019008	3.00603159678203e-06	0.0251664965282592
4	ADAMTS13	-1.27815513981551	0.00241609291985823	0.00978593610307357	0.225731230064972	0.61441104268314	0.69275659030704	1.77614735074797	5.01820807130571e-14	1.15418785640031e-12	32.3763093756016	2.64468144798244e-09	2.2141273082509e-05
5	ALG1	-1.96093312782269	2.62767585468282e-12	9.60650753511117e-11	0.0138062083919702	0.968708160475979	0.976523145033702	2.2816223097731	2.36352089011405e-08	2.3840237219319e-07	41.0119259430528	1.0819943215492e-10	9.05845646000992e-07
6	ALKBH8	-2.06430262451167	2.93427466102614e-07	4.04707536443341e-06	-0.0669146812952407	0.862026417009625	0.895506286537359	1.90071907484472	8.0018110582003e-08	7.32944881611082e-07	21.8516486144308	2.83012817061195e-07	0.00236938330443632
7	ARHGAP32	-0.845377446667959	1.40961953221108e-09	3.11380863421403e-08	-0.081053647575553	0.476384510547372	0.573524751553436	0.613312947209946	0.000217407547039583	0.000927221591347626	64.3218469313126	1.18870194279436e-13	9.95181266507438e-10
8	ARHGAP33	-1.03017589257604	8.29120327949795e-10	1.94983016449317e-08	-0.113666679460122	0.498913520935121	0.594831101861127	0.705760932700009	0.000510600415017715	0.00197996603729889	178.702066561049	1.4650516357149e-21	1.22654122942051e-17
9	ASB2	-0.880199737999062	0.0066176519450043	0.0223940913838221	-0.502770522155514	0.139238604179368	0.210302290129834	0.8940910143291	0.0176364173641865	0.0417922689422501	23.6667739579988	1.17170109897506e-07	0.00098094816006192
10	ATG2B	-0.584604559086207	5.27126827676305e-06	5.02631640239867e-05	-0.0381520454703773	0.710517579022757	0.775244776694712	0.334008791942726	0.00115331800182017	0.00403155670615384	17.3433409741499	2.99999464265949e-06	0.0251159551483453
11	ATP13A1	-1.00323778063798	7.90560903851656e-07	9.63402603645715e-06	-0.0387583080145752	0.840996297587082	0.879772710658384	0.975077859368776	8.19043417510379e-06	4.97968881001953e-05	67.0920250185647	6.00402329641347e-14	5.02656830375736e-10
12	C16orf58	-1.23210850199758	8.36756133699712e-05	0.000556861872125118	0.51180875042941	0.149960982002516	0.223632586627194	1.69253312754216	1.3988810110277e-13	3.07386662055745e-12	40.3658967712468	1.35276907862049e-10	1.13253827262107e-06
13	C22orf39	-0.926149515458629	2.47073134307385e-06	2.58518613428775e-05	0.209773294158794	0.383150280297745	0.484991555284657	1.2146467419606	1.35834586785233e-05	7.84822056981345e-05	32.0927959111453	2.96236777543707e-09	2.48009430159591e-05
14	CACNG2	-1.14599528490542	9.3739103818713e-05	0.000611202318668431	0.319261049879415	0.193095559842968	0.276766996576842	0.933530911146535	0.0137638478703734	0.0340014559960951	17.4397288896478	2.84432378417087e-06	0.0238126787210785
15	CARHSP1	-1.36535522146366	1.70093956497475e-06	1.84938519973618e-05	-0.190532076405131	0.607918122902544	0.686886422168467	1.00096652606761	0.0121815218086132	0.0307457644201718	17.1896189104203	3.26697770475603e-06	0.0273511373442174
16	CECR2	-3.58526652304922	1.99840144432528e-15	1.11537445945942e-13	-0.180843802250924	0.729975580877646	0.792242100480639	4.14447702564057	0	0	49.2098087874818	7.64916690413232e-12	6.40388253213958e-08
17	CELF6	-0.596027728699768	0.00071125764469393	0.00345597736586047	-0.00156995471396734	0.993271046786957	0.994815791805288	0.535912724320088	0.000752457098477377	0.00278249594896316	32.0717286664156	2.98751563542932e-09	2.50114808998143e-05
18	CENPO	-1.28242631739097	9.41576528457055e-06	8.36480065979646e-05	0.0285768442191848	0.904375246836224	0.926962483657305	1.64043368126544	2.80949041808753e-10	3.96645089042645e-09	24.5810443154626	7.61547792936361e-08	0.000637567812246321
19	CILP	-3.96671304937059	0	0	-0.0905090922531038	0.806571502858425	0.853249509973558	4.49849929300905	0	0	89.211199784788	4.98090670041637e-16	4.17001508958858e-12
20	CLN3	-1.42635428406957	0.000492106934765646	0.00252137041484577	-0.34617162822925	0.343825494580153	0.443324663580015	1.22315140114172	0.00246384063873073	0.00771978810907697	22.3580368644263	2.20480071239542e-07	0.00184585915641745
21	CNDP2	-0.953525152437994	2.7266261626302e-07	3.78562425100166e-06	0.10763291888317	0.576417007714137	0.66115401953456	1.27156440144364	8.23206836031432e-10	1.08192898449845e-08	32.8685519619205	2.1749531852596e-09	1.82087080669934e-05
22	COG4	-1.0205938121805	3.61881537236375e-05	0.000268587963629692	0.517992993838059	0.0704315963305033	0.118570948015076	1.41255093532351	3.08075164934252e-07	2.48239199309871e-06	20.0893632346629	6.90729589955518e-07	0.0057827881271076
23	COG8	-0.790827781109245	7.81271170593456e-05	0.000525365641783808	-0.212880108087937	0.328089492823911	0.426914086714607	0.529179953367152	0.00411818683668441	0.0122521180514292	20.7714076841965	4.868807581932e-07	0.00407616570759347
24	COIL	-1.25701753435213	6.10824435476331e-09	1.19635720368749e-07	-0.403290564706881	0.113962987247919	0.17753965933003	1.0258690040267	0.00117064610043616	0.00407331091698503	21.3003676290458	3.72653884031451e-07	0.00311985831711131
25	CREG2	-1.0777896289864	2.24916574254053e-09	4.79135256909651e-08	-0.0188696299781596	0.93130779404423	0.948298327868924	0.851999769500981	0.00128748762961917	0.00441394202914482	19.1582872927162	1.12388444950929e-06	0.00940916061129174
26	DCAF16	-0.834872910338597	9.91043666909164e-07	1.17355269863699e-05	0.0912481004764329	0.575681310622749	0.660762809505573	0.478848573327732	0.0112808312734665	0.0288112017759186	22.1570802936653	2.43361070204375e-07	0.00203741887975103
27	DCT	-2.30320228185996	2.23505658425438e-11	6.80432499031915e-10	0.69126116837678	0.0989970062106056	0.157357686727775	3.4877809278812	2.06215045039926e-11	3.52333134096788e-10	43.3765584541646	4.87011383050151e-11	4.07725929889587e-07
28	DDIT3	-0.892027948530084	1.7762548388589e-05	0.000144236716885807	-0.125929238667682	0.680031386571959	0.749897624918394	1.23863451279847	0.00231325157502282	0.00732748474691301	20.395510537913	5.89964549038689e-07	0.00493918320455191
29	DHFR	-2.72641326546347	4.44089209850063e-16	2.73376093004759e-14	-0.383777563182827	0.269330448412652	0.365332876557148	2.56528875648693	6.56217413741444e-09	7.26700024847007e-08	54.0897933123486	1.8216670152936e-12	1.5250996252038e-08
30	DLEC1	-2.36175025340835	4.77586414859843e-10	1.16570071871913e-08	-0.303312061296983	0.464400117376598	0.562249860112347	2.75123286571981	1.2649032488099e-08	1.34901528650146e-07	29.5789242097828	8.32203308509197e-09	6.967206098839e-05
31	DRG2	-0.504520552596338	0.0138745535053526	0.0415294107782667	0.110740170714896	0.631453363644272	0.708554826488385	0.803646166424745	1.74711726215193e-05	9.70594938204112e-05	26.0854380484735	3.81710713439359e-08	0.000319568209291431
32	DUSP22	-1.38958695336348	8.86383008769087e-07	1.06693301912762e-05	-0.326157625293942	0.365099619950068	0.466018298250033	1.55142309517638	5.04133111522975e-06	3.19258881215609e-05	16.783846133196	4.09819202011696e-06	0.0343100635924192
33	DZIP1L	-2.33003726485992	0	0	0.509398273012212	0.199964922372171	0.285099851856235	3.17391749264584	2.26019203353189e-12	4.39033125399745e-11	59.4778649727198	4.14525223062506e-13	3.4704051674793e-09
34	ECM1	-1.28602053442969	2.13881718895692e-05	0.000169566074866926	-0.336391614074792	0.274291333286022	0.370680717073539	0.854248224429574	0.00388875905362962	0.0116398608498345	48.3654715339555	9.90332669216046e-12	8.29106510667673e-08
35	EFCAB11	-1.64844092977014	6.22129680660777e-07	7.73918229790791e-06	0.138452239308529	0.690708797205056	0.758276167086379	1.04565582020401	0.0176920006261136	0.0419002628689741	20.2193425647803	6.45909370142893e-07	0.0054075532468363
36	EYS	-3.83999864301744	3.10862446895044e-15	1.65766904802886e-13	-0.580777262032548	0.125683417915193	0.193032760004769	1.97769768928383	0.000427497151352929	0.00169380319504341	33.950424160176	1.42387586232939e-09	1.19206887194217e-05
37	FAHD1	-1.7022389566127	1.0033723813363e-05	8.83305318248947e-05	0.0288577303644893	0.952059436762557	0.964268280253584	1.66597844923964	1.50874289335245e-05	8.57514969663731e-05	18.3185908124166	1.76027424569953e-06	0.0147370159849965
38	FAM83H	-1.81446646517631	3.98610585872206e-07	5.271987085185e-06	0.739788454224839	0.0776487295822812	0.128529490981447	2.25928435519647	3.64000829478073e-10	5.04538898077885e-09	33.023173658867	2.04612732617234e-09	1.71301779747148e-05
39	FARS2	-0.999339273294514	0.00286803679190473	0.0113313846256849	-0.0679081674526442	0.848931697247382	0.885308441623703	1.00629139373085	1.56793697405622e-05	8.83957464430885e-05	24.6082283084809	7.51952724218485e-08	0.000629534820715716
40	FOPNL	-1.38943160857402	7.08621436906753e-06	6.57713821483741e-05	-0.206238949221833	0.501379351800176	0.596496793132169	2.00920424908393	2.65692996048728e-07	2.17649878954985e-06	17.8745557115519	2.24021685549098e-06	0.0187550955141705
41	FREM1	-1.11490772935198	6.73447579746522e-06	6.27851128912905e-05	-0.24682260675285	0.346861468827487	0.446895078027658	0.795117245713082	2.49429564176396e-05	0.000133774779710748	18.3508332349156	1.72990657797316e-06	0.0144827778707913
42	GANC	-1.29560953348349	4.50459168188644e-07	5.86507644801761e-06	0.284987968540328	0.232935083096596	0.323996098302825	1.56908701528883	2.04820826965602e-10	2.96158888317101e-09	26.5446968509518	3.10491383906218e-08	0.000259943386606286
43	GRN	-0.800722719347364	0.0114426702554538	0.0355465808455135	-0.575567721090101	0.0913661640321943	0.147269450380734	0.649494906873785	0.00648150903908573	0.018038210739103	32.8253665901783	2.21243019414939e-09	1.85224655854187e-05
44	HAUS5	-1.56520190578874	5.69657090387921e-07	7.17168294846266e-06	0.554544562177951	0.105660657951317	0.166495582226318	2.04914338177904	4.32948914497189e-08	4.1471948651836e-07	28.9373709567623	1.0920673126299e-08	9.1427875413375e-05
45	HIP1R	-0.635615922244268	0.00185927283349052	0.0078854266271442	0.178644401299703	0.422162083657458	0.522986233261355	0.607989216067532	9.85637074344403e-05	0.000457414278625906	33.5840161638763	1.64201284988957e-09	1.37469315792755e-05
46	HPS4	-1.28973532206511	3.62376795237651e-13	1.5093624526018e-11	0.0682214706474968	0.711857896524231	0.776403635969367	1.35524654830767	0	0	55.38106081677	1.2656408803802e-12	1.0595945450543e-08
47	HYPK	-0.676586490805582	0.00467002845530939	0.0168639950056384	0.279232103408425	0.297652906944722	0.395265868435159	0.827752980535377	0.00465401032000523	0.0136092820115556	29.6144621328733	8.1985168239219e-09	6.86379828498741e-05
48	INHA	-1.71729682565179	2.32704196356792e-07	3.26879116090447e-06	-0.0764922687988317	0.853722129052718	0.889417827828442	1.20782463368647	0.00227295023719121	0.0072189451387575	22.3498086389408	2.21371284841257e-07	0.001853320396691
49	ITGA2B	-1.45199487234547	8.61982558539864e-05	0.000571379095811223	0.338592570412424	0.495029337776355	0.591176088302639	2.33158798262087	9.55939456259713e-07	7.08868478990817e-06	18.8368662383829	1.33300125018778e-06	0.0111598864665721
50	ITGA8	-1.73402756025247	1.04566377778781e-09	2.39188446656818e-08	0.509261296062482	0.218695299919073	0.307717151415542	2.42310474112858	6.67119537389738e-09	7.37797195115837e-08	31.9617348658776	3.12249219250073e-09	2.61415046356161e-05
51	KANK1	-3.54366267495274	0	0	-0.213426369387203	0.616790380149887	0.694615155046389	3.70878585495367	0	0	79.9331086618859	3.27011157482931e-15	2.7377374104471e-11
52	KCNQ5	-0.503910729430423	0.000185121665368326	0.00108926128714566	-0.153816857502387	0.298574390342438	0.395977747170702	0.513384023245681	1.74065276417057e-05	9.67645746456574e-05	37.795433798797	3.36875943586263e-10	2.8203253997042e-06
53	LMF1	-1.71788809797245	1.40923856806197e-07	2.08080163876804e-06	0.0965043930418023	0.801810001747601	0.849393057652906	1.30051078061988	4.48500223715342e-06	2.87948149765709e-05	37.2298391370356	4.13963876604053e-10	3.46570557492914e-06
54	LRIG2	-0.834549221402565	1.39335084048398e-06	1.55950979098019e-05	0.12753139557674	0.409259981253676	0.510857993597104	1.23742436898933	2.81822210013161e-09	3.33250782800873e-08	33.2520252947747	1.86991917651246e-09	1.56549633457623e-05
55	LRRN1	-1.52178227534221	2.23357515261036e-05	0.000175437419264174	0.281410056972243	0.375648468722489	0.477299890748927	1.30514490992357	3.43083199434435e-05	0.000179070607585105	19.6978829435284	8.46479711418737e-07	0.00708672814399767
56	LSAMP	-0.661280285989169	6.14144809274464e-06	5.77061766918722e-05	0.0728757757062143	0.596356604542355	0.677619095172176	0.542436059230209	0.000760249599929708	0.00280511663755466	22.1695938622986	2.41866155172391e-07	0.00202490345110325
57	LUZP1	-0.530885151840392	1.56618868984992e-08	2.79576369113509e-07	0.159209344074025	0.147851709116909	0.221171973587337	0.846407520300483	8.88178419700125e-16	2.45406921773249e-14	37.7244300881478	3.45666862840735e-10	2.89392297570263e-06
58	MLYCD	-1.06223066847285	4.4945623129955e-06	4.38560322661985e-05	0.506838368859976	0.0701489226821843	0.118213925260718	1.7666837595895	8.59717852463859e-10	1.12286394084671e-08	38.8707040471173	2.28908918824792e-10	1.91642546840116e-06
59	MR1	-1.56136408768762	1.68320168913993e-07	2.43802154696878e-06	-0.113183738581377	0.728118915165251	0.790952381959823	1.68831814446664	9.31947205407013e-07	6.92303638302353e-06	29.0283823495363	1.05054800662848e-08	8.79518791149366e-05
60	MRPS18C	-0.725267291610047	0.0100159097781922	0.0317025318196693	-0.227917048253533	0.567028450115719	0.653159353930765	1.38177263581585	0.00548379241784103	0.0156851076604595	18.182028000297	1.89521687627908e-06	0.0158667556882085
61	MVK	-1.57948411022354	3.96033094478554e-05	0.000289571097552354	0.719815234492314	0.0909239610436614	0.146754463438892	2.38506674458527	2.22044604925031e-16	6.49985116235092e-15	24.7082141829092	7.17735486970501e-08	0.000600888149691704
62	NDUFAF5	-1.84390489647902	2.22044604925031e-16	1.4299672557172e-14	-0.0953013785285757	0.733094242264836	0.794905452174746	1.84681991569477	2.28513230560168e-09	2.78519230851754e-08	38.4097638094213	2.699158132253e-10	2.25973518832221e-06
63	NDUFB1	-1.11009955905421	3.94689234184398e-07	5.23666920537524e-06	-0.0523658586326145	0.839680732390862	0.878835740914652	1.04965961679359	8.31025200209723e-07	6.23976948534152e-06	26.67072230717	2.93487075436862e-08	0.000245707379555741
64	NFRKB	-1.15840991845127	8.56805009163963e-08	1.3432905499477e-06	0.188777990323436	0.314978272701182	0.413451059283245	1.28120049818949	5.61556801059737e-10	7.55844620333138e-09	30.7574054821346	5.09622094148572e-09	4.26655617221185e-05
65	NNAT	-1.69829789758856	1.33640914845579e-06	1.50680444913598e-05	-0.580157097582702	0.132162638943677	0.201321982029925	0.948453566307503	0.00636435293391924	0.0177437081015071	18.3889690291158	1.69469456719855e-06	0.0141879829165862
66	NOD1	-3.29353205619699	0	0	0.191750141909129	0.696251742418812	0.763160459221039	3.35042239351601	1.0857981180834e-12	2.17471335995078e-11	57.2832436184182	7.48339991840143e-13	6.26510241168568e-09
67	NOL6	-0.891237704028729	0.00368147843271105	0.0139274005597184	0.470971367706762	0.110989481351342	0.173585641298979	1.06778306453948	5.01964174670633e-08	4.76467581671489e-07	18.1608828936595	1.91706026085962e-06	0.0160496285039167
68	NSUN3	-1.6192615193628	1.18499221724022e-06	1.36274104982625e-05	0.482827004618546	0.251148214645309	0.344577655360624	1.44537907953888	0.00148439705687831	0.00498890893624455	17.9938453173071	2.09915418702886e-06	0.0175741188538056
69	NYNRIN	-1.23278472948984	0.000131665831758943	0.000815913904641001	-0.30591033915882	0.403601941963282	0.505468748115265	1.16244733215678	0.0001431102864764	0.000639679294383567	25.574080603481	4.81523165733485e-08	0.000403131194352074
70	PALMD	-0.949516227289454	0.00588113185750139	0.0203963694743172	0.496847878920845	0.240475543654059	0.33233100882664	1.72523294389413	0.000105590883800133	0.000485985090255477	21.9032625189331	2.75864497606632e-07	0.00230953757396272
71	PCDH15	-1.84290169532889	0	0	0.0942923100060628	0.740133989841839	0.801086200769991	1.76736941311779	3.16996873195308e-09	3.7169437288391e-08	38.2193830853035	2.89033155827045e-10	2.41978558058402e-06
72	PDE7A	-0.521230471708295	0.00133514691923353	0.00598385974722866	0.213391367585918	0.220914344928845	0.310109808139552	0.653381146038422	0.000514376697092533	0.001991841678103	33.7796707583948	1.52149230975827e-09	1.27379336172962e-05
73	PDK1	-0.539493338879431	0.000145397198707764	0.000889163876976918	0.352258952196932	0.0760384204863351	0.126183083510723	0.674756426709311	0.00324571304216237	0.00988113075963031	36.1059593845033	6.27158755871001e-10	5.25057310415202e-06
74	PEX13	-0.470759845552662	0.0109346394352647	0.0342223556456211	0.283695801516874	0.139311248146442	0.210374056544374	0.572645274433666	0.0166929333093626	0.039906692651623	24.0556633111832	9.74464080825886e-08	0.000815821328467432
75	PHC1	-1.40251790460717	1.75916678033516e-05	0.000143265994989942	-0.548870486717995	0.106618784206007	0.167847397775986	0.75405146305257	5.58274539064207e-06	3.49840901275864e-05	56.064337478397	1.0463862195862e-12	8.7603454303757e-09
76	PIEZO1	-1.39020946701552	0.000228585112199697	0.00130807557029109	0.648128326943676	0.14481074307103	0.217472905625624	2.35762707453585	3.02783993422207e-05	0.000159628941620322	18.397983527176	1.68648131719864e-06	0.014119221587587
77	PITPNM1	-0.673184496553751	0.0125980169143061	0.0384078937147524	0.412624330050099	0.136638145121942	0.206822374066335	0.900511384393077	7.37397350736302e-07	5.59699965581534e-06	47.3707029603838	1.34798418755348e-11	1.12853236181977e-07
78	PIWIL2	-1.87089324462227	2.91114383488278e-07	4.02179805043542e-06	0.145546231746536	0.688581365601308	0.75677103672535	1.62317798836109	3.57873387790697e-06	2.35729032461347e-05	20.4874399452166	5.62807506342677e-07	0.00471182444310089
79	PLA2G4B	-3.43992790632505	0	0	0.35019477946529	0.440247792499194	0.540116430070816	4.40951468996882	0	0	94.6866925459842	1.76426787362734e-16	1.47704506380081e-12
80	PLIN2	-1.99720122140871	1.07952137895495e-07	1.66135165158288e-06	-0.0482166505348998	0.911822967823758	0.933111097252231	1.81059166431998	0.000162949734023199	0.000718007985916959	24.6600558965666	7.34008143338593e-08	0.00061451161760307
81	PLXNA2	-0.32496663454852	0.00620945935728945	0.0213143065761489	-0.12644653420601	0.183333962512402	0.265456923928369	0.440615358248254	6.09618696278957e-06	3.80024402475609e-05	82.6680360790052	1.84559178087456e-15	1.54512943894818e-11
82	PRMT2	-0.878532115812278	9.03309931719054e-05	0.000592209142392476	-0.415815113588946	0.0997383950944439	0.158325719327016	0.491057268583284	0.0192018207279212	0.0449294698530342	23.3502233429324	1.36297462915801e-07	0.00114108235953108
83	PRRT2	-0.595878974267778	0.00231810584702408	0.0094659808716973	0.28037461429198	0.146891975367049	0.219996353805535	0.571171042597837	0.00159788966711538	0.00531276103776409	47.5358691897921	1.2803206468433e-11	1.07188444553721e-07
84	PSME2	-0.917851080623308	0.00515474113997838	0.0183095005616882	0.660697929075947	0.0828778476901597	0.135571188132477	1.70563219349502	8.61989812861452e-10	1.12407768119565e-08	16.4815345426623	4.85979535907024e-06	0.040686206746136
85	PTGDR2	-3.8600500768626	0	0	-0.513464577038086	0.131064594831649	0.200086212241169	3.49102261315923	0	0	93.5069942586471	2.19712843501171e-16	1.8394359257918e-12
86	PTGR2	-1.26171854863617	5.66854649137749e-05	0.000398798917863969	-0.0689574893359516	0.851884810531203	0.887945671534765	1.08355694916901	7.73441531727315e-05	0.000368540267707517	16.3369376549205	5.27513199919828e-06	0.044163405097288
87	PWP1	-1.73952288806141	1.90578663961105e-11	5.90935027660138e-10	-0.448652008336715	0.173200776894973	0.253060541739042	1.2903176998293	3.34632161114179e-06	2.21465648446475e-05	16.5935107530673	4.56173858895903e-06	0.038190875466765
88	RAB1B	-0.9955021144394	0.00290970047894135	0.0114905718913665	0.702159223512225	0.0660977618609684	0.112496536348857	1.50280467932082	4.32986979603811e-14	1.00414598150779e-12	22.9802310303665	1.6286795773069e-07	0.00136353054212134
89	RASA4B	-4.82970283006584	0	0	-0.0772835238576273	0.72880086530639	0.79127491172936	5.68001642287054	0	0	200.314438776691	1.6167613396753e-22	1.35355259357616e-18
90	RASIP1	-1.59973856439525	2.33770967983382e-06	2.45562176155191e-05	-0.25524726250545	0.488268422300187	0.585055564834287	1.16371130312347	8.64958185540221e-05	0.000407050586247483	18.0619674783861	2.02279761865758e-06	0.0169348616634012
91	RASSF7	-1.50980792183033	3.75587116963061e-09	7.70690035101653e-08	-0.307783954482411	0.422589472963671	0.523347598230245	1.20110068103865	0.00753864333471843	0.0205123705586749	23.2377608208075	1.43856886427974e-07	0.001204369853175
92	RCN2	-0.570646676485284	0.00158678214770447	0.00690105981328925	0.105271084777077	0.684553083515397	0.753890872821745	0.845582940281959	0.00215876409230731	0.00688764214207194	18.5765190009598	1.53211743964607e-06	0.0128268872047169
93	RHOU	-2.45983032293558	2.84551937568267e-10	7.2409386666308e-09	-0.485371824544365	0.24703757755862	0.339661454971386	1.65772487381919	1.08173195734196e-07	9.5732134744893e-07	28.4310258601267	1.35662987133949e-08	0.000113577052828542
94	RNF10	-0.793309132889845	3.19477777566135e-12	1.14302049306995e-10	0.171112492302883	0.158338954958925	0.234621899277189	1.08546974648703	0	0	56.7752968627405	8.59993830427857e-13	7.19986834834202e-09
95	RPP25	-1.82351735872979	1.27818244877176e-09	2.86121482917571e-08	-0.0609047049742368	0.842850022183915	0.880831405033546	1.30288996892896	1.13970265340768e-05	6.68646854543035e-05	35.117178248513	9.09997382300964e-10	7.61849808462367e-06
96	RSPO1	-1.56354356889255	4.24528047826556e-07	5.57951148572045e-06	-0.462206935012775	0.12780832448531	0.195650263776013	1.0142831580446	8.27257373714474e-10	1.08554839071122e-08	26.4643758654944	3.21864248638639e-08	0.000269464748960268
97	SCN9A	-1.77476214177436	5.10702591327572e-15	2.68905792112857e-13	-0.349777925206791	0.316435618566266	0.414592155507794	1.47133966078314	4.28319151337675e-05	0.000217854674058263	26.1832546965771	3.65224772519929e-08	0.000305766179553684
98	SDAD1	-0.973134694311638	3.33029066990065e-07	4.51883200784574e-06	-0.0569296693902963	0.765607782764021	0.82206853370532	1.22403259632065	1.95558751414637e-08	1.99904501446074e-07	35.166694107133	8.9305361641448e-10	7.47664487662203e-06
99	SEC31B	-1.22295025829845	1.12649889416616e-11	3.61342863676594e-10	0.320220427214169	0.0683293951238095	0.11568325500031	1.41845362308331	0	0	56.8744853495079	8.3689465578803e-13	7.00648205825738e-09
100	SERINC3	-1.11164324114538	1.12212029090841e-06	1.30513767508216e-05	-0.188116670254417	0.362068203414695	0.462820954373976	0.505167676458175	0.0106935185320995	0.0275549821947483	18.6652493704549	1.46097180010697e-06	0.0122312559104955
101	SHD	-1.37563256827177	0.00025296166950195	0.00141943371117314	0.121340331797823	0.790702745111049	0.841032064803672	1.81390656666008	2.09778432036511e-05	0.000114563929093912	17.062117144645	3.50726185379299e-06	0.0293627962399549
102	SIRPG	-4.29659192842272	0	0	-0.00119789735994292	0.997294700552859	0.997652196562138	5.51459648294634	0	0	88.8396161955413	5.3542704632263e-16	4.48259523181305e-12
103	SLC11A2	-0.579399968915131	4.76563365785498e-05	0.000341299272742189	0.073591718548318	0.684370382524015	0.753888005590928	0.587502539552653	0.00284031351141767	0.00877134072946836	16.7304349303553	4.22306974129161e-06	0.0353555398740933
104	SLC5A6	-1.80713631772031	3.461917958969e-06	3.48774694975793e-05	-0.469766840967243	0.267270161875626	0.362773313103557	1.37526625867218	1.77460109029859e-06	1.24534453713158e-05	42.1966512875168	7.22636626659134e-11	6.04991383839027e-07
105	SLCO4A1	-1.20269220025526	0.000467139220547086	0.00241562047833243	0.134984259774891	0.727636279147343	0.790625688386964	1.06358155364435	1.79615946649392e-05	9.94540149040151e-05	27.5263999575397	2.00993403771886e-08	0.000168271677637823
106	SLITRK5	-1.03599933470445	4.37089221705378e-07	5.70875345416135e-06	-0.162344377822309	0.352554300429263	0.452974923755953	0.800553198264799	9.04269905621646e-08	8.16671806889366e-07	87.0103606820845	7.67001011250363e-16	6.42133246618804e-12
107	SNED1	-0.40463619968677	0.00626433720615527	0.0214511870347514	0.393347248551602	0.0812107444492494	0.13339147587387	0.967426319581552	8.6835637865379e-05	0.000408190881644555	25.5367035925804	4.89817175233383e-08	0.000410074939105389
108	SPAG17	-3.35609402273118	0	0	0.503638801913709	0.282892313347939	0.379486371951441	4.22283598019897	7.01660951563099e-14	1.59627866480605e-12	70.0475798817617	2.96496265413004e-14	2.48226673403767e-10
109	SRF	-0.692265443019905	0.000467468568574159	0.00241583139265608	-0.15694113071158	0.456307808170024	0.55445703483301	0.714018179179596	1.07239528368552e-09	1.38124512538695e-08	21.5836742844449	3.23372518164993e-07	0.00270727472207732
110	ST6GALNAC3	-1.29780870876776	8.61086983510173e-05	0.000571237735811979	0.578352589341144	0.0578520435666214	0.100069691888379	1.54511617506533	3.90006794237507e-06	2.53898668845755e-05	30.5563876381351	5.53649984815257e-09	4.63515767287333e-05
111	SUSD4	-0.558759316359048	0.000152815994787447	0.000928429251350152	-0.141113169501502	0.355703801789427	0.455902055814617	0.306454053801588	0.0172726128052536	0.0410580109044813	17.5994301958494	2.60472979611197e-06	0.0218067978530494
112	TAX1BP1	-0.797558823285321	8.63017757257722e-08	1.34798221338837e-06	0.271885396386019	0.0900166900461419	0.145542628247644	1.00687594737153	1.669848430641e-07	1.41641044187704e-06	46.3029465656468	1.88617802820842e-11	1.57910824521609e-07
113	THOC7	-0.738746523587354	0.00722951394251581	0.0241137413253954	0.604077475891351	0.126377329124657	0.193849578496085	1.46104092321568	0.000200037577893442	0.000860151310798096	19.6490629698052	8.68336309620324e-07	0.00726971158414135
114	THSD4	-1.80228370404343	1.06843699363424e-05	9.35664697772576e-05	0.890820101302079	0.0723751243716111	0.121170223416943	2.06175608989159	0.000371092690795161	0.00150231528401213	24.2954655563231	8.70449544488701e-08	0.000728740358645941
115	TIMM9	-1.68685202640636	1.2316330373352e-06	1.40671647865898e-05	0.327790382669611	0.320690586106329	0.4187182761825	1.62791005871864	2.47877778303263e-08	2.4882886810011e-07	31.2963457516729	4.08736861401243e-09	3.42194500365121e-05
116	TMEM214	-1.04615957945476	0.00020264198076303	0.00117977653890687	0.0285317641291961	0.925351554618509	0.944013630969171	0.99258379866059	0.000136599813196137	0.000613855950659182	20.7482861592695	4.92641872544499e-07	0.00412439775694255
117	TNNT3	-2.76799661939086	2.28728147533275e-12	8.510720227327e-11	-0.173246109489946	0.596701978760809	0.677892707688154	2.69307265818821	4.17216039494406e-10	5.71674743477441e-09	47.7807020845778	1.18648667535287e-11	9.93326644605425e-08
118	TNS3	-2.00324030283739	7.41773172476812e-05	0.000502492725541753	-0.373548802208728	0.492321825053656	0.588985184245386	2.67935979636405	6.27257201735176e-09	6.99565184669737e-08	19.909051873512	7.58364898383816e-07	0.00634903092926931
119	TONSL	-1.00841811543304	0.0010792453106252	0.00501411861296014	-0.0500679373567184	0.857249349120692	0.892100054863434	0.810513316946867	0.00211568278243024	0.00676824465208482	37.5364866984112	3.70114451658488e-10	3.09859818928486e-06
120	TRIM52	-2.60504607347856	0	0	-0.0550108548041953	0.70937510345088	0.774200021651775	2.89328106259337	0	0	216.070087856069	3.69746511257871e-23	3.0955177922509e-19
121	TRMT10C	-1.29503393946432	6.85846640660071e-05	0.000470648202918534	-0.196624394115418	0.527785412018189	0.618161649330761	1.02658716969808	0.000512197667734249	0.0019843215521847	17.8573371038409	2.26138337884526e-06	0.0189323016476925
122	TRMT6	-0.358356802694881	0.00670668284653764	0.0226404632222633	0.219892297803125	0.183146489094526	0.265231345216981	0.610569131079415	0.000423947233816113	0.00168206008772534	44.0953971103699	3.8428154471854e-11	3.21720509238362e-07
123	TRPT1	-2.26047357200704	2.22044604925031e-15	1.21500485779893e-13	-0.556078632493384	0.150105609657573	0.223808399653286	2.05309981328034	4.71699032100759e-06	3.00995754325271e-05	30.7123252538082	5.19166475617807e-09	4.34646173387228e-05
124	TTC21B	-0.84095102522443	1.38137181271425e-06	1.55024729437583e-05	0.357606120251003	0.0799756229768438	0.131672746423232	1.39534396305125	2.4783086693958e-10	3.54673507353532e-09	21.5385826831855	3.30735434068772e-07	0.00276891705402376
125	USP20	-0.823519957777099	3.53564397759243e-07	4.76657188090238e-06	-0.0263099582626256	0.868723447405337	0.901036164135404	0.877714819101702	8.90527154240317e-08	8.05999279491885e-07	109.331913434014	1.37430297785565e-17	1.15056645306075e-13
126	VWA5B2	-0.80885706013827	1.43189998706994e-05	0.000119758908009486	0.0336315727560811	0.871756033814715	0.90303656459995	0.734954600618522	0.00017887681318185	0.000780790761187928	137.295364528255	2.13507800100979e-19	1.7874873024454e-15
127	ZBTB24	-1.56808549504406	1.46771483855446e-12	5.662538538423e-11	-0.0561082329632495	0.818917943866473	0.86259402229585	1.43939730588442	0	0	38.5563684338234	2.56098446416589e-10	2.14405619339968e-06
128	ZDHHC1	-1.51533790781227	1.22860671520897e-05	0.00010474435254307	0.0462650092944574	0.900394734671085	0.923844540169181	1.56624676138915	1.80655490567005e-11	3.13136183649476e-10	36.2685301681441	5.90287459885125e-10	4.94188661415827e-06
129	ZNF180	-1.48995058923792	6.24015616956797e-09	1.21494389422379e-07	0.00617684115110865	0.987028569263403	0.990340745670327	1.40183625307979	0.00108815901568393	0.00384066917340045	26.5895280995116	3.04327226096749e-08	0.000254782753688198
130	ZNF251	-0.968810948865395	1.70596956694524e-06	1.85004886197741e-05	0.0758943384771836	0.700424227534886	0.766968793598203	1.22058287423457	4.2854608750531e-14	9.96607734609572e-13	27.8162557815646	1.77067891338671e-08	0.000148241238628736
131	ZNF324	-1.15276753804643	1.53328736995917e-06	1.69573076106977e-05	0.443276753587146	0.102330357947903	0.161887709134513	1.61683318616008	1.50102152929321e-13	3.28967336210544e-12	43.1368994437538	5.27346176221045e-11	4.41494218732259e-07
132	ZNF326	-0.43148213440848	0.00449963824981037	0.0163929379579688	0.122443539845857	0.452300881249082	0.551027790718469	0.362066671944553	0.00432773722986513	0.012771172396345	128.593286848282	7.17231940950982e-19	6.00466580964162e-15
133	ZNF415	-0.753045747722709	5.72144259545215e-05	0.000402182346004412	0.144947522502793	0.55792519041265	0.644980626088747	0.885337040405945	0.000434271827291388	0.00171739430235404	45.8369531143889	2.1876481232304e-11	1.83149900876849e-07
134	ZNF441	-2.20504240521159	0	0	0.443028267393976	0.155873217441508	0.231318960224652	2.03444063612937	5.59063906280244e-12	1.04242383594169e-10	35.3327288120073	8.38607886629227e-10	7.02082522685989e-06
135	ZNF446	-1.18288086038112	5.39212349253138e-05	0.000381596431779143	0.541655280693613	0.0924361894728656	0.148650744960974	1.38532066043071	6.93015412167597e-07	5.28890157763639e-06	22.5534091281091	2.00385897976772e-07	0.00167763073786153
136	ZNF646	-0.961280081624433	0.000279609641071987	0.00153990284613576	-0.402544164565858	0.155494634080092	0.230911777794658	0.455621479852827	0.00728896594587458	0.0199606735007162	33.4151991112317	1.75402909204593e-09	1.46847315586085e-05
137	ZNF732	-2.37045714542771	4.44830663519635e-05	0.000321877468883871	0.558183155532051	0.367727061457922	0.468728830469812	2.68275858112445	2.08721928629529e-14	5.05034678175266e-13	22.3260333598024	2.23967674790513e-07	0.00187505737334617
138	ZNF792	-2.46683404554047	5.12301312483032e-12	1.74349048297071e-10	-0.843794699620568	0.0680475335793316	0.115299322227518	1.84998205288164	1.96498721427574e-06	1.36976460931861e-05	26.8874703436156	2.66482778524486e-08	0.0002230993821807
139	ZNF839	-1.9149083151656	3.4812169102949e-07	4.70076580209499e-06	-0.18338176859291	0.659874765235248	0.731524302774033	1.08041955711983	2.57304987798523e-05	0.000137618447105347	25.2373311764749	5.61891983062697e-08	0.00047041596822009
140	ZNF843	-1.78455704372102	3.08718318464685e-07	4.23009781045228e-06	0.390219336627637	0.218348363030932	0.307280634610012	2.27402629857072	1.6100454303114e-12	3.17160008060401e-11	39.8637309092272	1.61184811917363e-10	1.34943924537217e-06
141	ZSCAN25	-0.945893365709951	0.000102802753627174	0.000662559394431638	0.471158628069858	0.138691874227576	0.209589958670265	1.10663592996297	0.000384369007697449	0.00154708525598223	20.7298886519101	4.97276867889577e-07	0.00416320193797154
142	ACSL6	0.65504440476677	8.71394332246922e-08	1.35600619880506e-06	0.0264874664630208	0.844042818804387	0.881637739117945	-0.750580651930433	5.88418203051333e-14	1.34596644697972e-12	22.3365785102685	2.22812176127253e-07	0.00186538353853736
143	ACTN1	1.05666789309174	5.5558002642897e-11	1.5929164319395e-09	-0.0351689710134611	0.838828585667256	0.878163426185603	-0.943895007399436	2.78803944375738e-08	2.77544188146692e-07	48.8507410892587	8.53395479848065e-12	7.144626957288e-08
144	ADAM17	0.73873727542412	2.65265615295718e-06	2.74173300155031e-05	0.047371886221703	0.796132147156819	0.845089176619359	-0.615744156795807	0.00243584773655514	0.00764925628298561	26.782117381791	2.792680649387e-08	0.000233803223966679
145	ADAMTSL3	0.854924663033943	0.00158795719311322	0.00690258443444646	-0.308177051185929	0.253854841929189	0.347721324710597	-1.03343650382507	0.000131000845257301	0.000590279373785857	19.2919696612422	1.04730060673317e-06	0.00876800067957008
146	ADCY5	0.520075301488193	0.00112004577568259	0.00516355904956752	-0.203027918227808	0.14824298000357	0.221583686589875	-0.850922700890927	2.13350670463797e-10	3.06902373388815e-09	41.0227168769529	1.0779864248718e-10	9.02490234902668e-07
147	AIG1	0.585608064550849	0.000364676613644921	0.00193835261311587	0.177102564999217	0.390998283371187	0.492913360696217	-0.634392342449403	0.00922253951273166	0.0243080473722783	25.507991479699	4.9628990031083e-08	0.000415493904540227
148	AK2	0.824725660266696	1.44245349507077e-05	0.000120401003596535	0.159256910125417	0.31019623284461	0.40877740616639	-0.416592259595427	0.00123066511738457	0.00425047575104487	22.1729056727654	2.41472125058201e-07	0.00202160463098726
149	AKT3	0.627548698992976	8.36344713373016e-06	7.56959777336096e-05	0.0930052037917516	0.503156504504992	0.597931335090957	-0.597513107092881	1.98991729205567e-06	1.38598898245341e-05	22.4107991375957	2.14853809168508e-07	0.00179875609035875
150	ANP32E	2.47447145018288	0	0	-0.367273826187864	0.241880744579831	0.334162639211608	-2.15770713903753	7.37874821243878e-08	6.80340088486095e-07	93.5765584327628	2.16874898641173e-16	1.8156766514239e-12
151	AP3B1	0.761786771149499	0.000136341377262372	0.000839919065813525	0.0303714255808038	0.883849894510663	0.911953576145337	-0.808385394217853	0.00139491339022957	0.00472993718226081	54.2415133900167	1.74480280346076e-12	1.46074890705735e-08
152	ARMC9	1.28185312383335	2.44249065417534e-15	1.32782673745169e-13	0.0223188370281683	0.859715601419591	0.893993170424148	-0.813417050786215	2.98919294428046e-07	2.41792495937353e-06	49.3063829282665	7.42796903662875e-12	6.21869567746559e-08
153	ASAP2	0.671308938041167	3.85995744351941e-05	0.000283469857167934	-0.140137145902227	0.435444309121113	0.535793614926802	-0.57627269048522	0.00529618271191357	0.0152369902625912	16.6171572877735	4.50128018908825e-06	0.0376847177430468
154	ATG10	1.3757633450517	3.64905657119774e-05	0.000270472733539257	-0.40003504956357	0.352663207230172	0.453012806130189	-2.04891799251098	8.08372087202081e-06	4.92195717385878e-05	30.2231485626998	6.35624132463424e-09	5.32144523698379e-05
155	BLOC1S6	0.908986623937428	8.13928346943271e-09	1.54517190943516e-07	0.0126648991467685	0.942868931880443	0.957508333054715	-0.679626810852559	0.00426122831313203	0.012618661385416	47.7519279385502	1.19713110902847e-11	1.00223816447864e-07
156	BRWD1	0.35449285664167	1.79998903626633e-06	1.93198823225919e-05	-0.121131005759436	0.248311787067414	0.34102818549363	-0.335357809237939	0.0108843990860248	0.0279779518416333	17.637138884072	2.55130164650557e-06	0.0213594973845447
157	BSDC1	0.767696985557097	3.29603011550716e-12	1.17422826072451e-10	-0.0290741329558621	0.846092346952371	0.883227572155268	-0.833423113945363	4.9348925084125e-06	3.13466768440284e-05	18.9019128297471	1.28761329308902e-06	0.0107798984897413
158	C1orf35	0.766866595954823	0.00120330757351494	0.00548100707587982	-0.205934277583561	0.34720438602646	0.4472680596728	-0.741490888581914	0.0060717979160434	0.0170409293171691	27.5918666854589	1.95308725268435e-08	0.000163512464794734
159	CAMK4	0.302766361046797	0.0131262428130285	0.0397745017082859	-0.0702606514223529	0.614716182564643	0.692792394532394	-0.484761564704685	0.00010554641696503	0.000485985090255477	21.3395254745962	3.6539859999855e-07	0.00305911707918786
160	CAP2	1.11728188961602	7.83440579077421e-09	1.49748048585301e-07	-0.158472178764537	0.432071326773239	0.532661043696887	-0.964509760202843	1.1819460099538e-07	1.03183023934653e-06	34.4323940764646	1.18212553314301e-09	9.89675496347325e-06
161	CAST	1.08173753937429	4.61908289395296e-11	1.35213153804805e-09	0.171183036554312	0.346373049416082	0.446334488180921	-1.01183625361591	5.23196130863823e-09	5.89528668585724e-08	48.3219191102564	1.00369921502435e-11	8.40296982818389e-08
162	CCBE1	1.49685176256079	6.00236431891332e-07	7.51147893541739e-06	0.273512358644943	0.394737578112945	0.496431275944355	-1.22595323327282	0.000291250810846133	0.00120890024214369	22.3671055067217	2.1950217879012e-07	0.00183767224083089
163	CCDC151	1.99340676427701	1.32474950405026e-05	0.000112368823180433	-0.309491505644113	0.501002672268001	0.596302867817416	-2.5956829539927	8.14703859930432e-12	1.47315350223274e-10	19.4378111761851	9.699460758605e-07	0.00812038854710411
164	CDC73	1.19907056977931	8.71502869870255e-12	2.81707414152656e-10	0.284905995921514	0.0832928552236536	0.136071767042443	-0.55031217344094	0.00670529098153949	0.0185944670743454	75.7340523553792	8.11580476440891e-15	6.79455174876314e-11
165	CDK18	1.89573870109803	1.93844940099552e-13	8.40865201302307e-12	0.279734805610391	0.349822970478018	0.449879863109365	-1.39817202847076	8.16150791393966e-09	8.93178356281083e-08	27.760202342806	1.81450752019001e-08	0.000151910569590308
166	CENPJ	1.94348435733743	0	0	0.205441447776932	0.499099610504903	0.594968238523003	-1.29745275058618	6.08315652717017e-05	0.000297304065647803	58.7826958130509	4.98947697235026e-13	4.17719012125163e-09
167	CEP85	1.11949154375975	2.64103988967257e-06	2.73310085986882e-05	-0.388023454797255	0.112763540590283	0.176031393216828	-1.65959418723965	2.22044604925031e-16	6.49985116235092e-15	35.7588704915495	7.14179185338914e-10	5.97910813965739e-06
168	CHCHD6	1.93988865070995	2.96054514237198e-10	7.46556744937899e-09	-0.293233476425938	0.305612976817241	0.403851918779584	-1.78851395969739	5.32278819687093e-07	4.15693869255629e-06	34.2942564677027	1.2466735874211e-09	1.04371512738895e-05
169	CHD1	0.366989095861576	0.00778460377981838	0.0255880262444599	-0.0425961750325906	0.797707230129287	0.846546448300468	-0.407456729679677	0.0125434012672847	0.0314411243741639	25.4174190069352	5.17301168873269e-08	0.000433084538580701
170	CLNS1A	1.66002821341302	8.4821039081362e-14	3.92332452590697e-12	0.147569843121231	0.467581716164885	0.565202732851923	-1.5377735685515	3.64016154885682e-06	2.39210616067734e-05	60.6611816038072	3.03454333893455e-13	2.54051968335601e-09
171	CLU	1.08117306758237	2.53861618837448e-06	2.64519008381272e-05	-0.182628029834121	0.428141152142699	0.528654088252645	-0.926999219955622	6.37404545811293e-07	4.89573473168087e-06	23.3681017739396	1.35134555526626e-07	0.00113134649886892
172	CNOT7	0.84542895128644	1.21098752530191e-05	0.000103664494497215	0.0307808715129145	0.901862525397025	0.925179887590234	-0.897436444025964	0.012661107251603	0.0316887264306188	20.1869183310935	6.56797319212851e-07	0.00549870715644999
173	COL12A1	0.651242861295648	9.23045240197595e-06	8.22099441588752e-05	0.0202929856546639	0.931199828798354	0.948298327868924	-1.04141419174817	0.00119147745502723	0.0041338786794397	25.0104217391365	6.23872612493543e-08	0.000522306151179594
174	COL4A3	1.17587677982793	0.000114457737806939	0.000729254323378762	-0.712529397666088	0.0691191463583312	0.116831313004633	-1.66299300090773	2.66345385082634e-05	0.000141847554956222	18.187462832587	1.88964475312754e-06	0.0158201058731838
175	COMT	0.676230112235828	0.0161313787501558	0.0470595800626015	-0.184976549418681	0.502469849074209	0.59745456276797	-1.18665579871452	1.04796793465312e-09	1.35186248827672e-08	24.1169843368852	9.46685233585599e-08	0.000792564877557863
176	CRABP2	3.16269126994663	1.33226762955019e-15	7.74565596846818e-14	0.545134842938062	0.248316748539079	0.34102818549363	-3.71609321100004	0	0	42.7670488943611	5.96591683662108e-11	4.99466557561917e-07
177	CTBP1	1.0861921524574	2.22044604925031e-16	1.4299672557172e-14	0.113056975767046	0.299893968264809	0.397453269322935	-0.745604551377152	2.44331099796824e-08	2.45858169170554e-07	45.8849816148707	2.15436821321885e-11	1.80363706810682e-07
178	CWF19L2	0.771361669525489	7.95667470665506e-06	7.24057398305611e-05	-0.225553674391582	0.183419221116959	0.265528450117966	-0.665943076643893	1.39353797132813e-05	8.00734378583329e-05	84.4883819138617	1.27166950065554e-15	1.06464170594881e-11
179	DGCR6	2.32292772929631	0	0	0.147564417137324	0.573724718157326	0.659330588937973	-2.26791100017903	1.4406253967536e-12	2.86482561083638e-11	44.8722942583091	2.98339010095152e-11	2.49769419251662e-07
180	DNAH2	1.51729150232423	1.98593519407098e-08	3.50026304100257e-07	-0.101490689854666	0.637664460619916	0.713230041991976	-1.20035963236036	0.000250794776923247	0.00105882696540667	26.8208187046387	2.74498378143112e-08	0.000229810042181413
181	DXO	1.8443359269146	3.85417211945516e-06	3.85049271886379e-05	-0.175345231458577	0.622942260278407	0.700318598502864	-2.89388817346329	0	0	27.4841733985109	2.04751709683267e-08	0.000171418131346831
182	EVI5L	0.879625533773874	1.88013133795017e-05	0.000151205183105849	-0.279471317175651	0.111748546076422	0.174577127776041	-0.896399975645551	5.69596039223796e-08	5.37011040583516e-07	24.4298407794666	8.17307869304968e-08	0.000684250148182119
183	FAM120B	0.770642061350949	1.54111901018439e-09	3.33391430316892e-08	0.242353732424288	0.118765055981738	0.18372155371011	-0.543354664728921	0.00182022090629474	0.00594340461290936	25.7930703261695	4.35793176338807e-08	0.000364846047230849
184	FAM198B	1.32114158152166	0.00139200355490932	0.00618569732574352	-0.478444513788526	0.299258627595757	0.396736853560044	-2.28144394300499	2.33912380798174e-06	1.61178144201013e-05	19.5115015706561	9.33157542605263e-07	0.00781239494669126
185	FAN1	1.07645635746805	6.89898227435037e-09	1.3369972129829e-07	0.140176468613835	0.423310788767073	0.523789229021273	-0.598340086606711	0.00123882401658149	0.00427263525637663	37.0737801057133	4.38335818126417e-10	3.66974746935437e-06
186	FBXO9	0.75971539233038	9.45098343141382e-07	1.12711728330194e-05	-0.0557109077231885	0.748436351149996	0.807878949436277	-0.715645255118765	6.44242339589152e-05	0.000312672282147268	20.8680614051211	4.63550593797708e-07	0.00388084557127441
187	FILIP1L	1.92676324565756	6.34473107941069e-06	5.94162064841458e-05	0.126017255348241	0.792866905113669	0.84290561645862	-1.6933128948322	0.000264839862826216	0.00111251346291073	18.8216686682876	1.34384509661577e-06	0.0112506711488672
188	FLNB	0.495472455826368	1.10093390603971e-05	9.57494763660469e-05	0.165506162791451	0.17693784360046	0.257470337044755	-0.366700993254039	0.00729093879182874	0.0199606735007162	32.4847452489151	2.5327899701024e-09	2.12045176296973e-05
189	FRMD8	1.28161869876066	0.000121529045988611	0.000764993363170414	-0.337408629493033	0.298591437874897	0.395977747170702	-0.986522288458023	0.00897463713338742	0.0237446082106372	16.380057065241	5.14752494182353e-06	0.0430950788129466
190	GAB1	0.767634049341629	0.000264157806101117	0.00147140994855526	-0.305903197132373	0.131945418922021	0.201064260505126	-1.29730782078879	1.88024433800393e-08	1.9314608095422e-07	21.0405500092206	4.24776248293396e-07	0.00355622675071231
191	GABRG1	0.964808531639802	0.00128289670480242	0.00578374324857611	0.215291517906976	0.53248208480471	0.622878302918127	-1.24538167947451	0.000570314264332961	0.00218021507808016	33.7913540396827	1.51459506752497e-09	1.26801899053191e-05
192	GATAD1	0.769753094074652	0.000660133970305843	0.00324714547555847	0.269903637639395	0.241879838123041	0.334162639211608	-0.719695929482559	0.00263836384653793	0.00822965056751696	30.0055610609239	6.95926311736128e-09	5.82629508185487e-05
193	GCA	1.02033193120683	0.000315469508948896	0.00170835105363529	0.242551999090109	0.462424003834982	0.560911874834319	-1.05939585810881	0.0215911214803031	0.0493482726466744	29.6727107917436	8.00019881938922e-09	6.69776645159265e-05
194	GNPTAB	0.507333175663059	0.000289074859013194	0.001582821922602	-0.116502117298361	0.456073433822703	0.554404929975708	-0.642012383132246	2.50201107743209e-06	1.71134287093639e-05	26.0653983421028	3.85183271960964e-08	0.000322475435285719
195	GPR155	0.807376971189022	1.01642028127458e-09	2.34420677543547e-08	-0.181992562709716	0.221301591067852	0.3106013278156	-0.953960875625244	4.62097027309483e-11	7.34094176970586e-10	23.8534935125589	1.07224950552981e-07	0.000897687286029558
196	HEATR3	1.06111179020152	8.89717449812366e-05	0.000585130753325148	-0.437182245892285	0.0636255646674493	0.108819862593644	-1.38530047663689	3.41814265780727e-09	4.00233431205069e-08	19.0783236204831	1.17247531472767e-06	0.00981596333490008
197	HHATL	1.18653295351662	0.000396829081077854	0.00208553237086239	-0.303501260794037	0.249898701583054	0.342975726172677	-2.01571999099513	1.90958431289801e-08	1.95919606220369e-07	21.3884419891477	3.56542319640308e-07	0.00298497230002866
198	IFT74	1.87572576775194	3.81916720471054e-14	1.83759010562279e-12	-0.254832339951443	0.316341686526726	0.414591828365959	-2.35828462273592	4.07740508023835e-11	6.51451055949532e-10	83.4255512352309	1.57935517982246e-15	1.32223615654736e-11
199	IFT81	1.44848187333634	7.0956573949843e-12	2.33877337444128e-10	0.185689568466731	0.290616908981116	0.387550933735251	-1.16049249390578	5.46397284237887e-05	0.000269664129557157	84.4032749464988	1.29382337867455e-15	1.08318893262633e-11
200	ITSN1	0.33549702105321	0.000303814455732354	0.00165057405800861	-0.187218741142866	0.110052917745255	0.172539892764658	-0.363591492518695	0.00733588001888252	0.0200640272845751	21.1683814850247	3.98239420747787e-07	0.00333406043050048
201	ITSN2	1.16179386315392	2.25876872761432e-10	5.83654684802072e-09	0.117095082398074	0.515959535437511	0.608567657182705	-0.518836160635573	0.000280790721824076	0.00117012440174772	177.859486659841	1.60410722251013e-21	1.34295856668548e-17
202	KATNAL1	0.731286826859446	7.66529420692663e-06	7.00776200317606e-05	0.0143861307458454	0.926696312940711	0.944780329492044	-0.340046286789829	0.0201430986336322	0.0467011968321154	19.2020116962628	1.09821047294717e-06	0.00919421807951371
203	KCNIP2	1.31645765767208	7.06876515099708e-08	1.12504599062464e-06	0.0358239336775757	0.87671636871883	0.906604426743336	-0.588040048913002	0.00885127185066303	0.0234799898395915	18.846319290005	1.32630248923029e-06	0.011103804439836
204	KCTD9	1.10963696866208	0.0040340404892476	0.0150235707188527	-0.347913999685338	0.327535139518953	0.426325277993264	-1.29962550878869	0.0104019018513288	0.0269195432146291	17.4315239276693	2.85723987550476e-06	0.0239208122377259
205	KIF6	1.86920807381795	4.81541177270728e-05	0.000344275212306621	-0.285219860477508	0.504240433969655	0.598624633181218	-2.37552169898017	1.20340847065137e-07	1.04947247044721e-06	26.8151103319882	2.75196503818836e-08	0.00023039451299713
206	KLHL17	2.10185236637772	4.18348999886575e-09	8.50101414332623e-08	0.3432734031717	0.351404053842779	0.451566345168342	-2.09552041529391	2.24769092227461e-11	3.80154917197638e-10	30.5499817084878	5.55116826653425e-09	4.64743807274247e-05
207	L3MBTL1	0.522548443397854	0.000169267340940138	0.00100933488486527	-0.0611229874382187	0.648233050170834	0.72177245591571	-0.770817578797509	8.39387661599744e-08	7.62185846302935e-07	38.9882928097021	2.19529733190046e-10	1.83790292626707e-06
208	LAMA4	1.15663814408243	1.86021415744531e-05	0.000149747239674347	-0.0267006119127404	0.939157147352411	0.954549427902681	-1.37411710800112	0.000500033485895113	0.00194439402875703	20.5182220040142	5.54009171414731e-07	0.00463816478308413
209	LGI4	1.22392696127455	9.88623141129352e-08	1.52989887939648e-06	0.280952538529205	0.312733403772859	0.411313377325832	-0.705967235187578	0.00678192983751424	0.0187696914379072	55.0025343860974	1.40733244108071e-12	1.17821871967277e-08
210	LPCAT1	0.978577839429241	5.41688579769328e-07	6.86084234467294e-06	0.0191896775987798	0.926591317722383	0.944780329492044	-1.35077796948795	4.69403321323725e-06	2.99759313968133e-05	17.2246597146252	3.2040056224917e-06	0.0268239350715005
211	MATR3	0.633390190321961	1.53085566445554e-09	3.33391430316892e-08	0.0918166487896947	0.398318499569764	0.500258397599469	-0.457328288597256	0.00101065736852601	0.00361127763094314	69.7452465284888	3.18351233312174e-14	2.66523652528952e-10
212	MCTP1	0.671865225702791	6.2126010336172e-08	9.98308941524822e-07	0.144544972240713	0.179693905106985	0.260714704470214	-0.594181229511156	0.000716624533997345	0.00267122911782092	35.6583801842091	7.41666671180259e-10	6.20923337112113e-06
213	MLXIP	0.380816568550736	0.00227404850938795	0.00933251672578231	-0.210166907668093	0.145335659696612	0.218094666244854	-0.627902979361297	4.24241701098005e-05	0.00021604327990222	37.7461289282724	3.42955153072412e-10	2.87122054152223e-06
214	MTMR12	1.08440506893512	2.22044604925031e-16	1.4299672557172e-14	-0.155909703088911	0.296069867915327	0.393756462936794	-1.24427808220134	1.01940678121082e-12	2.04663634827266e-11	58.6275247912628	5.20139400840575e-13	4.3546070638373e-09
215	MYO7A	1.25735103217567	0.00233143248577083	0.00951206275383695	-0.539367330313471	0.17354833568087	0.253479878981202	-2.17753185970767	5.43595613522463e-05	0.00026873837095718	21.4391646258887	3.47595928236456e-07	0.00291007311119561
216	NACAD	0.574145145209228	0.00392896169815837	0.0147295962178638	-0.13295030711786	0.483258241448085	0.580381293559513	-0.78502133186767	3.27652023424108e-06	2.17505903547953e-05	49.6465816889903	6.70062100003704e-12	5.60975990123101e-08
217	NAPEPLD	0.960630869738804	5.92613329519764e-08	9.55945817868876e-07	-0.0762493170307788	0.686802549465251	0.755871032486273	-0.892809739477543	1.97915324129383e-08	2.01820596054957e-07	30.3082395038784	6.13552797387538e-09	5.13666401972847e-05
218	NDUFAF2	1.02750872962413	0.00139066237989049	0.00618569732574352	-0.57303923424142	0.180021984015315	0.26100981049484	-1.40527433517117	0.00110995147314008	0.00390770131754784	18.3205494034294	1.7584137170177e-06	0.0147214396388722
219	NEBL	0.833423181340585	2.23223661777183e-11	6.80432499031915e-10	-0.0329373761930134	0.79840880481325	0.847076227841405	-0.770001797827254	4.70897439042162e-07	3.71584803183892e-06	50.9945716097612	4.47567867771273e-12	3.7470381889811e-08
220	NECAB1	0.478450688219355	0.0040589972818208	0.0150963683888955	-0.218775310200278	0.23738318054022	0.328762942511617	-0.739060046717093	7.98641256816168e-06	4.87334154669458e-05	18.9530414325304	1.25307346482574e-06	0.0104907310475211
221	NEK1	0.724710706203043	5.0002950520156e-06	4.80625375148962e-05	-0.0031653270627529	0.981537544438488	0.986134914448822	-0.689989117091748	0.00343665752623901	0.0104169792938715	50.8600957741444	4.65795757320313e-12	3.89964208028566e-08
222	NEK4	0.649558337697566	0.000138361455461755	0.000849862146093774	-0.132189446221034	0.445597198524448	0.544922545434805	-0.775671918194476	5.80809924599635e-08	5.46352886376196e-07	34.4424353878578	1.17757196015498e-09	9.85863245041748e-06
223	NELL1	0.709757982035479	0.00127032335250088	0.00574189921897268	0.102121690011528	0.684188167590313	0.753820418484756	-0.473688099514241	0.00843175885190828	0.022531339006759	16.4984908787671	4.81338265237775e-06	0.0402976395657065
224	NOP56	0.668444085753535	0.00050027330009228	0.00255383418803205	-0.322579874223815	0.170767140957558	0.250072153943794	-1.01644477324684	7.94368524070777e-07	5.99139935452301e-06	24.4333248065234	8.15976065760862e-08	0.000683135162254993
225	NPRL3	1.33448329243934	4.27345936415691e-10	1.05481345357607e-08	-0.132407672894363	0.593323006341931	0.675180129005661	-1.44188167164806	1.25303323272874e-10	1.8633027041572e-09	33.7767427062403	1.52322603552509e-09	1.2752448369416e-05
226	OGFOD1	0.866455154638245	0.00142385132253442	0.00631047288102603	-0.497360381512958	0.0713104331834975	0.11978550293183	-1.28532391106845	6.24509331359491e-07	4.80109469434496e-06	18.2095232932683	1.86720245137272e-06	0.0156322189228924
227	PDE1B	0.441548708406673	0.00197414245576422	0.00828862619842428	0.126380897578564	0.420112898346701	0.521450731646935	-0.511509444103679	0.00417899160320867	0.0124109676133604	20.3408178747094	6.06768932136621e-07	0.00507986949984779
228	PDE8A	1.29958959503331	9.64275762549427e-06	8.52472722710011e-05	-0.164834609476952	0.380108924174398	0.481797413048911	-2.19978639160739	0	0	41.2598645956225	9.93719775973217e-11	8.31942196444777e-07
229	PGM2	0.89606602103881	0.000162822270535434	0.000977868040834043	-0.550222754168547	0.070138029529889	0.118213925260718	-1.46725150183651	8.65832336360839e-05	0.00040723305168612	19.8955486555219	7.6370135587095e-07	0.00639370775135159
230	PHACTR2	1.08252549854747	4.44089209850063e-16	2.73376093004759e-14	0.149005334915479	0.256812659904761	0.351083538328324	-0.789692920086121	7.34659316492525e-07	5.58127749335338e-06	102.425167962228	4.41059610793135e-17	3.69255106156012e-13
231	PIK3C3	0.646287082328652	6.30276416362374e-05	0.000436088773370727	0.250446794803974	0.123115520281554	0.189471164668597	-0.356385676630076	0.0179202245456525	0.0423916352012227	30.5035720045564	5.6586602375129e-09	4.7374303508458e-05
232	PLCL1	1.39849623479403	1.87655446737267e-10	4.97370532101632e-09	0.405783424727303	0.0695456863979755	0.117481131259857	-0.708980856250972	0.0116363269120374	0.0295927487568582	35.339895388341	8.36337526781904e-10	7.0018177742181e-06
233	PLEC	0.750829701915607	0.000269492315631004	0.00149416534202832	0.174894695670836	0.396941562042529	0.498678685087043	-0.54278128958965	9.68112707346869e-05	0.000450029960350249	59.8360884277487	3.76995624687814e-13	3.15620736988638e-09
234	PLEKHH2	0.929267384424407	0.000998497045065161	0.00467790557430639	-0.281910694935307	0.281266047463276	0.378153099303443	-1.6302289002705	1.0185114836414e-05	6.06470707044512e-05	21.6979749929572	3.05466810895278e-07	0.00255736814081527
235	PPFIBP2	1.33586175267239	5.93582286023686e-05	0.000416203592846759	-0.443987229897014	0.115360939745653	0.179350378375228	-1.63491835044946	1.11638672972703e-07	9.84867197183842e-07	21.3456337865582	3.64280230103836e-07	0.00304975408642932
236	PPP1R37	0.465418509932138	0.0108720975464518	0.034052076565243	-0.356941988265315	0.131326557226776	0.200413039938493	-0.532563799808109	5.38423016023248e-05	0.000266726478706901	24.87091905563	6.65494180224332e-08	0.000557151727683811
237	PPP2CA	1.39647667362375	6.08519410416619e-08	9.79716250770757e-07	0.121726072856707	0.607709294209436	0.686790255280966	-0.899441809943376	0.00020518259817992	0.000880917288185792	30.7136183666454	5.18890107785887e-09	4.34414798238345e-05
238	PSMA7	1.48956416515478	1.76158577214203e-06	1.89872499197444e-05	0.201019614588742	0.486687061086727	0.583797757173313	-0.777526317559723	0.00707728378967576	0.019432935351645	22.9424768348315	1.65868688873918e-07	0.00138865266325244
239	PSPC1	1.44711050387058	0	0	-0.187923594367004	0.16943127435141	0.248420075108583	-1.27376074063405	0	0	152.981184114004	2.81729283031572e-20	2.35863755754032e-16
240	RAB30	0.515405599896284	0.00148293146572831	0.00653770522963529	0.180043183498504	0.227789091027175	0.318000712035936	-0.59420182021319	0.000187171745481551	0.000811077563753389	31.3095714147559	4.06541668848305e-09	3.40356685159801e-05
241	RANBP1	1.87786683338278	3.30846461338297e-13	1.39188270066544e-11	0.130023327532862	0.600241168471447	0.68055512763312	-2.02023748964839	1.49436019114546e-12	2.95763203788884e-11	46.6171163794034	1.70772294985815e-11	1.42970565362124e-07
242	RASSF5	0.665420029472476	0.000151866450677662	0.000923330374054749	0.0511787220413329	0.775056864280732	0.829236558179973	-0.627575774325812	0.000242927890199418	0.00102768686040906	20.1416561782261	6.72318430713709e-07	0.00562864990193517
243	RBM20	1.18647373314412	3.54307732286507e-06	3.56522155613298e-05	-0.403105914759385	0.109577448141454	0.17185882275014	-1.52103793789619	1.4688599248025e-07	1.25739215648738e-06	37.075200958627	4.38107272571749e-10	3.66783408597068e-06
244	RBMS1	0.529395480381503	0.00399698747423005	0.0149121119136604	-0.184192925459419	0.261571646032678	0.356541488209961	-0.542890236643746	0.0158992466531112	0.0383597962477944	18.541079521205	1.56153839746736e-06	0.0130731994635968
245	REEP3	1.25445959667819	2.1294262702698e-05	0.000168981580423685	0.0222528392110684	0.903303153808902	0.926203797144903	-1.46542665598894	1.6490301764982e-05	9.24075009213048e-05	31.4448226845815	3.84788139963989e-09	3.22144630777852e-05
246	RNF213	0.980697662553672	1.33492071396901e-07	1.98507215228216e-06	-0.34143450744282	0.10303385643387	0.162754612464974	-0.989262168308009	2.71678390895147e-09	3.22622906180733e-08	32.653906124013	2.36802591590623e-09	1.9825112967967e-05
247	RSRC1	0.977251408169514	4.19887661284868e-06	4.12593838060671e-05	-0.0459995938336083	0.835112704343079	0.875477530773887	-0.811815563904483	4.45009975040822e-05	0.000225522004300349	48.0077798933039	1.10588105615001e-11	9.25843620208788e-08
248	RUFY1	0.547700997570408	2.66294050339511e-05	0.0002045333751782	-0.25390230816642	0.0945364278367498	0.15147540169364	-0.814843832948335	1.57091637675855e-06	1.10984910601034e-05	29.4091548981444	8.93954267875184e-09	7.48418513065104e-05
249	SCLT1	0.515786520015328	0.000399925712371241	0.00209917119998246	-0.344105097198371	0.0785801541821711	0.129834823527361	-0.853893503125646	8.26823977262414e-06	5.01970292794846e-05	34.4494552885469	1.17439945313464e-09	9.8320722216432e-06
250	SEMA4D	0.608878031708461	0.000156369266732126	0.000946582430282978	0.144305001280501	0.298214225918241	0.39579097961121	-0.453260308927433	0.00126265497998967	0.00433768875357963	28.5365358229542	1.29643678405061e-08	0.000108537687560717
251	SIKE1	0.506997340882652	0.00747620467064958	0.0247982509915524	-0.235388050116363	0.24455337713051	0.336632830209903	-0.819720347699524	0.0159878889810467	0.0385070789842702	24.7125436648947	7.1629117187644e-08	0.000599678969094955
252	SLC25A26	1.24331852207319	6.41577429592033e-05	0.000443541390631255	0.0504873387744158	0.855668164394805	0.891001725412103	-1.41813638543367	0.00193586111846766	0.00627207015627371	28.2229327595786	1.48407913001749e-08	0.000124247104765064
253	SLC6A7	1.08760928470518	7.42800709829794e-10	1.75670269567656e-08	0.104989595172513	0.573994973657357	0.659460123433428	-0.901268054828803	1.02410520930185e-06	7.52748798268226e-06	47.0521405252592	1.48927519598183e-11	1.24682119407599e-07
254	SMIM14	2.01922091283175	2.49422704712288e-12	9.15862668355821e-11	-0.0599402956546325	0.820268133216525	0.863592154337116	-2.12983965903878	1.36029543185145e-09	1.72551414476672e-08	53.4911985962684	2.16125267861225e-12	1.80940074253418e-08
255	SPAG9	0.571895256743711	3.22866907849217e-05	0.00024351727500123	-0.215190893344659	0.098063848446249	0.156081851557414	-0.598217652456798	1.190907637727e-05	6.97222289723808e-05	19.2078794317366	1.09481207241936e-06	0.00916576667029488
256	ST6GAL1	1.11436411470966	1.22622134668404e-10	3.31158874659316e-09	0.0925425682791148	0.693030876016851	0.760127668546191	-1.24997529328831	2.9762380937548e-07	2.409774208986e-06	23.8371723951164	1.08057927701947e-07	0.000904660970720702
257	STX3	0.610993844385727	7.26351178579332e-05	0.000494391224964729	0.177834894213022	0.275638749555924	0.372141204851184	-0.364990339972015	0.0111164549972942	0.0284434478109251	19.618097281706	8.82505009975666e-07	0.00738833194351627
258	THAP6	1.21531154743797	1.30389611558979e-05	0.000110824551063124	0.219627986626315	0.512668936504901	0.605719096080222	-1.3914227131458	6.04487910256246e-05	0.000295778654860625	26.7900847159411	2.78279100864888e-08	0.000232975263244085
259	THBS3	0.918373587322508	1.51287234517739e-07	2.21817290259633e-06	0.0560158201559985	0.79877217670957	0.847354366879437	-0.92007553198028	0.00032240352078805	0.00132636966881453	24.6471995603598	7.38417262636917e-08	0.000618202932279627
260	TMEM150C	0.618470642699486	0.00449817839536393	0.0163929379579688	0.344180605648773	0.0949399986926884	0.152015108740919	-0.68148954754331	0.021394564187674	0.0489921475326059	45.0007096999327	2.86194883307919e-11	2.3960235630539e-07
261	TNKS1BP1	0.550080827750128	0.00204901222706177	0.00856759491300542	-0.222746916589747	0.168540760251152	0.247287634914589	-0.435936756248836	0.000538543641346534	0.0020739132315332	38.0905345190037	3.0277174689156e-10	2.53480506497614e-06
262	TOP1	0.618165927547015	2.1264433238688e-05	0.000168904966863658	0.0683833135261621	0.597659411170741	0.678638897371686	-0.431969253431052	0.00283233751512957	0.00874993715006079	154.618261494112	2.30479608651616e-20	1.92957528363133e-16
263	TOP2B	0.466165028636135	0.000379500072093641	0.00200705913049145	0.0530380719186832	0.644031049032516	0.7182185717835	-0.57952226180686	5.25868970591148e-09	5.91743954541544e-08	39.4949683564667	1.83487154597704e-10	1.53615445829198e-06
264	TPP1	0.904677874137037	0.00044823620768808	0.0023279364334768	0.372978624685839	0.127721229561106	0.195552694565761	-0.654787442168087	0.00194109063533343	0.00628589618046797	19.4195062404703	9.79317734056388e-07	0.00819884806952008
265	TRAF3IP1	0.562765783533577	0.000387363528199014	0.00203993914442338	-0.349877113079513	0.0694624675420319	0.117364233756184	-0.690386882008417	0.00542571728544106	0.0155356338289588	91.0366304559898	3.50435324605323e-16	2.93384453759577e-12
266	TTC7B	0.466129191809347	3.49003568698159e-05	0.00025972070019031	0.145592447883226	0.210987268890909	0.298577656381794	-0.355797010289131	0.00193075989145419	0.00625796430942876	19.7141368765124	8.3933124893743e-07	0.00702688121610417
267	TUBGCP4	0.90188815183417	6.095804972861e-05	0.000424223435019055	-0.200111303474072	0.257707364236882	0.351961835789752	-0.871176631647991	0.000177090692575321	0.000774609863239598	28.4303241345906	1.35703985381583e-08	0.000113611376561461
268	UIMC1	0.667194339483811	1.30756952199107e-06	1.47932054569044e-05	0.151460256767814	0.327311776892233	0.426167060053153	-0.397528225240942	0.00482733455575768	0.0140425451357899	98.8596838137926	8.26198814468751e-17	6.91693647473238e-13
269	USP8	3.27355195546176	0	0	-0.0583230377061252	0.784808686297308	0.83678277148256	-2.07964477718879	8.23048780240754e-08	7.51424687914459e-07	127.849332313856	7.98098055461956e-19	6.68167692032749e-15
270	UTP18	1.39175678039096	1.91272431226963e-08	3.39265422506808e-07	-0.0468536619984705	0.876293425743404	0.906279006834315	-1.16463503607475	0.021787557050033	0.0497424127687145	23.3621433407449	1.35520965454751e-07	0.00113458152278717
271	VPS4B	0.695893945722368	4.325108440284e-06	4.24002433981939e-05	0.0954736087739246	0.528979324150542	0.619040383252493	-0.45376047170441	0.0197997088074156	0.0459814596770272	58.4421902523756	5.46691053182227e-13	4.57689749724161e-09
272	ZBTB11	1.45182189101174	1.41893370386725e-08	2.56019676051221e-07	-0.0848020128688493	0.605113318182777	0.684873421633934	-2.32433675969195	0	0	63.7863821961462	1.35992045031608e-13	1.13852540100462e-09
273	ZNF283	1.76875842627333	7.84508014106677e-11	2.17674682105549e-09	0.439187082010512	0.0920045636956832	0.148098866998704	-1.10921610644263	0.00944081300437061	0.0247769550070817	64.7430099952106	1.06994860946783e-13	8.9576097584647e-10
274	ZNF391	1.02837881546696	5.10088148013566e-05	0.000362825656344059	0.0984540364061366	0.640078376287232	0.71497480537381	-1.04112500173128	0.00970949012532829	0.0253786610456598	22.8384752103345	1.74437832857377e-07	0.00146039353668196
275	ZNF827	0.38666897466839	0.0108639557856121	0.0340393105677935	-0.131361148851756	0.420002333779765	0.521414385155824	-0.522431837634618	0.000615395497142845	0.00232587285336016	18.7889699509106	1.36749063058446e-06	0.0114486315592531
