Gene	Estimate_HsapVsPanTro	Pval_HsapVsPanTro	FDR_HsapVsPanTro	Estimate_HsapVsRheMac	Pval_HsapVsRheMac	FDR_HsapVsRheMac	Estimate_PanTroVsRheMac	Pval_PanTroVsRheMac	FDR_PanTroVsRheMac	Fstat_Species	Anova_Species	AnovaAdj_Species
1	ABCA2	-0.639404914047754	0.00201538476028507	0.00764874939144332	0.302547362536021	0.14378563756794	0.211729532530898	1.06985567481738	1.29035915286124e-09	1.33084791209154e-08	48.2022939237862	3.06011474844436e-10	2.31344674982393e-06
2	ABCC2	-2.74702689063275	1.09404529879953e-09	1.61858756534725e-08	-1.04495299362067	0.0773810094513425	0.124973388475144	1.81615463172368	0.000467844867871658	0.00167071667506365	18.2685343521269	5.7306257113538e-06	0.0433235303778347
3	ABLIM3	-1.5949974942312	5.58483703727575e-09	7.35563902470464e-08	0.432535765135093	0.25005408872582	0.335178884887801	1.99624648417304	4.16380809675765e-06	2.33346102383157e-05	22.9427667690287	7.68271020121355e-07	0.00580812891211744
4	ABTB1	-1.74855864610615	2.70216217201913e-06	2.16631453027196e-05	0.683694650005609	0.11728976806601	0.178233295794782	2.30475384067778	2.81485945663462e-12	3.98696805907063e-11	32.1559850776488	2.7499248751932e-08	0.000207894320564606
5	ADAT2	-2.07940036566092	1.79277429721569e-05	0.000119623774818629	0.78899154758072	0.154248765703669	0.224729363792588	2.49092917322012	2.12052597703405e-13	3.38925504997408e-12	22.7145756561413	8.42541262928675e-07	0.00636961194774079
6	ADD3	-0.653441411277693	3.48757307122582e-06	2.73223341124013e-05	0.133813339143236	0.401178924500907	0.493101021454935	0.875594357564198	1.77635683940025e-15	3.49720252756924e-14	26.8968388348123	1.68450552678641e-07	0.00127348617825052
7	AGPAT3	-0.906843800413616	1.25521298501852e-05	8.68993605012819e-05	-0.226446122287643	0.355161525200802	0.447652739332788	0.547626855035309	0.00406961868730904	0.0116494953714715	25.7978171913227	2.53087858149683e-07	0.0019133442076116
8	AKAP3	-3.18339072396466	0	0	-0.416563680948885	0.26548251104575	0.352237238242519	3.03840413209951	0	0	71.5084623920676	2.43746375342766e-12	1.84272259759131e-08
9	ANKRD52	-0.895279912764578	8.54754098520427e-05	0.000476193145527961	-0.428504425121535	0.0849120038740421	0.135486439275593	0.466954837207951	0.00879236927993077	0.0227853905938605	26.3068490573149	2.09317749695422e-07	0.00158244218769739
10	AQP6	-2.36337904487338	3.09851100332992e-09	4.25904421548621e-08	0.634148678892918	0.224690652925222	0.3072144584869	2.74828955398325	0	0	25.1295615327949	3.25902897057691e-07	0.00246382590175614
11	ATMIN	-2.09416125662665	0	0	0.075406205851907	0.69455612187896	0.767779541073978	2.39942087908777	0	0	90.1247708801844	1.20717917072304e-13	9.12627453066616e-10
12	BTBD11	-4.61370363713242	0	0	0.197124528756282	0.609548817737011	0.692658117697479	4.83295945876967	0	0	145.55875906226	1.74535557912092e-16	1.31948881781542e-12
13	C10orf90	-1.3247243312201	0	0	-0.321244599467115	0.1753901678263	0.250368139872891	0.975983276686022	1.25249358884361e-07	9.37510052639373e-07	45.562257776614	5.89741945381962e-10	4.45844910708763e-06
14	C3orf20	-3.06059521626799	7.55453477552237e-11	1.33752418976462e-09	-0.272038773887737	0.622667860519411	0.704903653302409	3.15045275363059	6.46482756216926e-09	6.03383905802465e-08	31.947301992744	2.94349111676754e-08	0.000222527928427626
15	CCS	-1.33537091689755	2.72039901716425e-09	3.77361771922234e-08	-0.40559605268481	0.14942275544046	0.218794505351517	1.06873222907955	4.78948953097635e-06	2.64682316185535e-05	40.4839106064802	2.26548520726151e-09	1.7127068166897e-05
16	CD300A	-2.330953474613	5.33896620809049e-05	0.000313861466043267	0.603200678857913	0.263395627143015	0.349898250079282	3.32020861313636	0	0	23.1155472502446	7.16683350987907e-07	0.00541812613346857
17	CILP	-3.88161769305903	0	0	0.301173255449977	0.453506425246837	0.545680180624875	4.56386091910798	0	0	84.4115973301717	2.85821461952262e-13	2.1608102523591e-09
18	CNTNAP3	-3.65200865465781	3.4132030535261e-11	6.40551433235221e-10	-0.153635642447022	0.821006570565561	0.869179340915228	3.16943666051198	1.11022302462516e-15	2.23820961764432e-14	33.3550822641376	1.87085536478797e-08	0.000141436665577971
19	COL11A2	-2.28549275680768	2.89825941024446e-11	5.50523646770054e-10	0.489572123517342	0.242583839815837	0.327312837588387	2.78386472670897	1.61812785393067e-11	2.11278870046907e-10	48.4892602082516	2.85418052471829e-10	2.15776047668703e-06
20	CRTC3	-1.20282449231203	1.80856151943409e-06	1.51079835214605e-05	-0.120370190909856	0.656269512959259	0.733392094304804	1.12579816632109	5.76694247911291e-12	7.87635660663985e-11	28.5478886046586	9.31756299625703e-08	0.000704407762517032
21	CTSO	-4.09942756109038	3.67039731941077e-13	9.40617075754081e-12	-1.02017063501837	0.095908128290223	0.150134550490445	2.80475230291744	5.32907051820075e-15	1.00468262138648e-13	44.4630192812098	7.81532761253777e-10	5.90838767507855e-06
22	CYBRD1	-1.37360036669726	0.000176628677490909	0.000908376055667531	0.165845356452285	0.60872203762817	0.692229031959832	1.39833131236949	1.99938443390391e-05	9.75183633568615e-05	20.7251598054862	1.92966320782642e-06	0.0145882538511677
23	DAZAP1	-0.622090490453451	0.000607943474453476	0.0027163431837283	0.261036900946323	0.206527951588023	0.286066565409573	1.05318138677761	1.17694232137922e-09	1.22389050201195e-08	24.9611966226576	3.47569068367086e-07	0.00262762215685517
24	DEF8	-1.12946739560202	0.00266970028705593	0.00967542385912888	0.400005317363528	0.320076992397812	0.410182465869186	1.75486456242135	0	0	18.5254175908171	5.09550967099523e-06	0.038522053112724
25	DNLZ	-2.72754415355016	0	0	-0.04934962808968	0.865358028528191	0.903202126525538	2.59104370376631	0	0	66.0548929455344	6.6476168663751e-12	5.02559835097957e-08
26	DRG2	-1.09322933545601	0.00127337213906986	0.00518679599750439	0.105407696390895	0.798947148170018	0.852150174966893	0.956894165274533	0.000593768496836899	0.00208108012799581	20.1643555887493	2.45758423335653e-06	0.0185793368041753
27	DSEL	-1.1386511675087	6.09117624339461e-07	5.55480004825854e-06	0.109156433293255	0.490670924479123	0.581694747233634	1.00616224878118	0.000800920199127253	0.00272868711374585	20.9335776770535	1.76548126730639e-06	0.0133470383808363
28	DUOXA1	-4.04296223832326	0	0	0.584278224502193	0.15488900681288	0.225618668883502	4.6830645259633	0	0	115.796939302517	4.14185591416158e-15	3.13124307110615e-11
29	DUSP28	-2.93172107274965	2.0981842929757e-09	2.96491088876567e-08	-0.593377291590653	0.274820382295649	0.362072304106939	2.58510688318924	1.02201598295437e-08	9.20910706929088e-08	26.5414605501957	1.91926743373268e-07	0.0014509661799019
30	ECM1	-3.09348503193499	2.22044604925031e-15	7.63026006015108e-14	-0.653821614665726	0.153420969106757	0.223695762092011	2.34026498741865	0	0	52.9714704580341	9.9940536049698e-11	7.55550452535717e-07
31	ELMSAN1	-1.209104574659	1.21055165891448e-10	2.08468577252699e-09	-0.174051528375201	0.377003628661308	0.469546529271745	1.14402517545359	5.5530054654529e-06	3.0267282854235e-05	38.7549760822195	3.68407012302345e-09	2.78515701300573e-05
32	ERBB3	-0.507066147090404	5.16935561023502e-09	6.88033950939731e-08	-0.165880338090034	0.24520407912175	0.330140859308451	0.37795187483978	0.009796428159216	0.0249531660659275	38.2535346601953	4.25434198660957e-09	3.21628254187683e-05
33	FAM131B	-0.765512788325178	0.00026338020905059	0.00128710690395763	0.138379423178193	0.572883002597519	0.659389328503436	0.909305255752811	2.02784644902643e-05	9.86519894120964e-05	30.9394722109835	4.10571268575765e-08	0.000310391879043278
34	FAM206A	-3.19881690106068	2.22044604925031e-16	8.65287223316101e-15	-0.570490684906273	0.156169257969518	0.226958783208296	2.71293154314421	2.88657986402541e-15	5.58121324092892e-14	49.3714431145684	2.30840046588314e-10	1.74515075220765e-06
35	FBN1	-0.737385363375341	2.03258628728165e-06	1.67754938120625e-05	-0.0230110365056917	0.870209876985163	0.90709259915598	0.756209051215723	0.000285015294368973	0.00106986873159356	23.8653252748788	5.31957252255381e-07	0.00402159682705068
36	FBXL7	-1.67764692825678	5.49920588757136e-05	0.000321034722085247	0.191944283627898	0.720325570202605	0.787970092711864	1.31448019374817	2.06875356623115e-07	1.4923451298385e-06	19.0400538607709	4.03770568697123e-06	0.0305250549935025
37	FSTL5	-3.7093559435281	2.82662782069565e-13	7.39422364168135e-12	0.12655764301984	0.779726916037312	0.836867599311899	4.37913229122663	0	0	48.8397327298778	2.62248436727785e-10	1.98259818166206e-06
38	FZD5	-2.7027040710269	0	0	0.491532144526904	0.166694185163026	0.239492215855658	3.3347415256542	0	0	90.5760787263769	1.12997995308267e-13	8.54264844530499e-10
39	GPR89B	-4.75138002559033	0	0	0.176497884359439	0.160214722268291	0.231768714188343	4.62090037123682	0	0	192.084972052651	3.41668324516864e-18	2.58301253334749e-14
40	HBS1L	-0.809984033399153	7.24965332210559e-09	9.49867922272413e-08	-0.213590636021098	0.168625505423463	0.241853314551581	0.450782381295362	0.00191651816693938	0.00596004826905049	18.2050679687066	5.90018472750957e-06	0.0446053965399724
41	HECTD4	-0.503525734650283	0.00126223706526729	0.00514421143580632	-0.0339452967733698	0.870376946333	0.90709259915598	0.552405869454952	2.22229013091546e-05	0.000107077841872026	18.3887106782421	5.42360568485502e-06	0.0410024589775039
42	HEY2	-2.36623805512285	3.10084364851804e-08	3.58446146525938e-07	0.084474103704277	0.841656275951333	0.884968212265936	2.52159691771245	5.63400215369825e-10	6.08472232599411e-09	23.7551143840588	5.55583693308703e-07	0.00420021272141379
43	HPS1	-1.69813835062929	1.00483945630891e-06	8.81274511565591e-06	0.0197071739813184	0.962973389971495	0.974967032032209	1.62926547529286	3.7889598198948e-06	2.14244848454784e-05	22.3287330927264	9.86060295665129e-07	0.00745461583522838
44	IVD	-0.857231363481985	1.70666137231379e-05	0.000114891896479895	-0.0148040761009456	0.945918838982333	0.964026209585662	0.947641941676162	7.01290507887364e-08	5.47136866834724e-07	24.5224186820055	4.11566192288914e-07	0.00311144041370419
45	KANK1	-3.33586097210787	0	0	0.318888956049104	0.237881335140585	0.322117659620782	3.93960681131631	0	0	136.985356583221	4.07478929558343e-16	3.08054070746107e-12
46	KAZN	-0.649390600165432	0.000318421827971926	0.00152070058083876	0.188306903495976	0.320491970849003	0.41045558184287	0.660975705458853	1.71722937134522e-05	8.46852840663396e-05	19.2927851025567	3.60627469391538e-06	0.0272634366860002
47	KIAA0930	-0.612169132194057	0.00563167830154621	0.0180328199744554	-0.127129067206043	0.635367938279258	0.716601762403579	0.806929401877737	0.000217349138713629	0.000843078239443324	22.7496084144092	8.30659286125002e-07	0.00627978420310502
48	KLHDC8A	-5.17257515136602	0	0	-0.0286977026547115	0.916639426939424	0.942316299654888	5.09228568569238	0	0	218.867860378837	5.20860550543795e-19	3.93770576211109e-15
49	LANCL2	-1.28819247477335	9.66685805758871e-06	6.87157171742672e-05	0.114310992362082	0.706252301256282	0.776733691809353	1.46509912817425	5.59159299529099e-07	3.70922555070763e-06	18.0507819045885	6.3350538393515e-06	0.0478930070254974
50	LDB3	-1.14508101107629	7.47262407507776e-09	9.7738820082332e-08	0.344329812647193	0.0915261995160501	0.144231489794185	1.35055372640397	8.81517081552374e-14	1.45508059749693e-12	39.347235099877	3.1134569343551e-09	2.35377344237245e-05
51	LIPA	-1.47142516129896	1.21390453244885e-10	2.08570869666212e-09	0.194746754466654	0.503275906854664	0.593845146842713	1.49221218652091	4.74595918120713e-11	5.87340454504443e-10	32.0802895916853	2.81852289062267e-08	0.000213080330531074
52	LLGL1	-0.975742484888122	7.55692755283199e-05	0.000425710672871907	-0.21101178974117	0.441920028873828	0.534204575997144	0.865832224315476	5.2357966009442e-05	0.000232292384408088	47.7452303072888	3.42145440207194e-10	2.58661952796639e-06
53	MAPKBP1	-1.36716472837688	0	0	-0.0980974809300612	0.456461763065922	0.548450560835723	1.32620075461743	2.21478391182472e-10	2.49534521213039e-09	105.378437447496	1.4918815461838e-14	1.12786244891495e-10
54	MAU2	-0.812361554025319	0.00390622458918877	0.0133965683816667	-0.0361419364587521	0.911527647287183	0.938774129260352	0.820316880222908	1.85295885768433e-06	1.11001338859695e-05	23.8403002636465	5.37226505303168e-07	0.00406143238009195
55	MFNG	-4.30761448461045	0	0	-0.300444793649703	0.274766351976284	0.362072304106939	3.91535320327776	6.59472476627343e-14	1.10301148745635e-12	93.3316660700616	7.5933692153096e-14	5.74058712677406e-10
56	MGAT4B	-1.4544542384033	3.69307880996317e-05	0.000225340401963854	-0.238707788052252	0.553698763830145	0.642314355463541	1.28992548098989	4.40684371882938e-07	2.96667306450134e-06	21.3459964644462	1.48283072822543e-06	0.0112102003053842
57	MOG	-1.10681740395389	1.39432909662673e-11	2.75945758390003e-10	-0.285214755167675	0.132666010136397	0.198041618676097	0.733517351687916	0.000376680870182833	0.00137305080934533	52.6767020943911	1.06852204659264e-10	8.07802667224038e-07
58	MYCBPAP	-2.8156201625399	2.83844223902818e-07	2.77243195439962e-06	0.801311391179394	0.22014407449635	0.301665615949322	3.77154433839563	0	0	24.9787446709197	3.45240922712517e-07	0.00261002137570663
59	NCOA1	-1.21766504998555	6.61692922676593e-14	1.89484791493752e-12	-0.214038093632045	0.326606499267007	0.417014885063093	0.981747683098925	6.62945008000904e-07	4.34680334821061e-06	24.8399735247519	3.64115682541895e-07	0.00275271456001672
60	NELFA	-0.878425337195765	0.000476444549733168	0.0021803394648806	0.340915404223242	0.201207549447282	0.279934466476684	1.31454028709629	0	0	22.4645561534212	9.32775767594723e-07	0.00705178480301611
61	NRP2	-4.16665110872592	0	0	0.61213718747949	0.36305579804984	0.455545111470803	4.71638381994721	0	0	62.7452456004621	1.26340610594209e-11	9.55135016092217e-08
62	NSUN3	-2.28844178502176	1.27275967543028e-12	2.96977257600399e-11	0.0329783415787622	0.925358507890901	0.949318318470009	2.09552283740241	0	0	37.5449759237252	5.22583079670909e-09	3.95072808231207e-05
63	PARP8	-2.11917553157223	8.663183281854e-09	1.11954983950113e-07	0.484314471240607	0.234598785272115	0.318307291971695	2.7311079568177	2.19602114270856e-13	3.49514101871089e-12	34.4805522213676	1.31439241207726e-08	9.93680663530405e-05
64	PGBD2	-3.32747484095227	2.91100477056716e-13	7.58868829844405e-12	-1.08934209988892	0.072259920064448	0.117784604503499	2.12330591468276	3.94927612212825e-06	2.22643754536089e-05	30.207184817617	5.2526926200523e-08	0.000397103562075954
65	PGM5	-5.25193332869889	4.44089209850063e-16	1.67865721323324e-14	-0.274104002443636	0.593403314254583	0.678175216290952	5.56259764129772	6.56708021296026e-11	7.99995046053403e-10	63.3479548897214	1.12173327978598e-11	8.48030359518199e-08
66	PRICKLE2	-2.32007850109349	1.58006940864652e-12	3.61979537253567e-11	-0.506727111937323	0.125957846271543	0.189237145829266	1.88321969412072	7.99360577730113e-15	1.48116812932344e-13	46.9559932296332	4.1566405766502e-10	3.14242027594755e-06
67	RASA4B	-4.12254982269694	0	0	0.374285906301894	0.0863285075256315	0.137514436766493	4.93320401945603	8.19344592173366e-14	1.3554146863962e-12	70.3672416989058	2.99098944416381e-12	2.26118801978784e-08
68	RGMB	-3.04331615409909	6.96103175101825e-11	1.24409929167135e-09	-0.416115959374113	0.37490362789709	0.467393045333443	2.97868331803661	0	0	30.8438926406633	4.23894152577005e-08	0.000320463979348216
69	RNASE1	-3.18216129984485	2.21622720175674e-12	4.95700522049732e-11	-0.0522510461160102	0.931326326856278	0.952520011378885	2.99216777284958	4.99620322891303e-09	4.75110646673994e-08	40.2405192287301	2.42376588432764e-09	1.83236700855169e-05
70	RNF130	-1.07760219137721	9.16949427498537e-09	1.17693339081306e-07	-0.188293874724839	0.403311190332472	0.495396267267878	1.12758098812497	2.16166072442014e-06	1.27973023309446e-05	26.1382893005846	2.22844391187274e-07	0.00168470359737579
71	SAMD4B	-1.33732812204769	2.94218655216838e-07	2.86266799670437e-06	0.275366201660274	0.238813720375517	0.323090860064228	1.55486261435129	4.08306499721789e-10	4.47361904043004e-09	49.64330911782	2.16351133907907e-10	1.63561457234377e-06
72	SBF1	-0.643010308119467	0.0019641852568677	0.0074958306622513	-0.167831725023694	0.459615030027431	0.551713183075163	0.567956596788895	0.00415046785122564	0.0118450498132374	56.2999619967904	4.78868200952425e-11	3.62024359920033e-07
73	SCUBE2	-2.44954291716656	4.73595607175525e-08	5.32003386366563e-07	-0.0953454972730125	0.815156728532297	0.86492419195848	1.9133531640171	3.36888123553258e-05	0.000155605553492091	21.2239416455888	1.56108786557153e-06	0.0118018242637207
74	SEMA3A	-3.13662302420433	9.21609455417638e-11	1.60169367424307e-09	0.232701481881338	0.625200783055873	0.707033346283082	3.67671449818518	0	0	38.8972142853533	3.53755413875229e-09	2.67439092889673e-05
75	SERINC3	-1.43104289470497	3.47424089497395e-10	5.52952866652695e-09	0.291610481258522	0.219107820608996	0.300463472483949	1.59515437048862	4.84057238736568e-14	8.20509579562434e-13	37.2889243235856	5.63284405356331e-09	4.25843010449386e-05
76	SHISA9	-2.05499136958582	5.24025267623074e-14	1.52370423970401e-12	0.455558761975527	0.248804924939802	0.333978201801297	2.63826773779885	6.31463485945005e-08	4.97769672230808e-07	26.8249623038719	1.72939552917205e-07	0.00130742302005407
77	SLC6A20	-6.67908982234465	0	0	-0.0450858930807122	0.926516054523531	0.949886272334946	6.37969198033468	0	0	146.923665042239	1.53135922383134e-16	1.15770757321649e-12
78	SLFN5	-3.49730187438922	2.95490298896084e-11	5.59876355803106e-10	-0.149120972742732	0.810787141687367	0.861496948862472	3.32152386210576	9.04609720464578e-13	1.35961222399845e-11	36.2440203465415	7.67907133810442e-09	5.80537793160694e-05
79	SPNS1	-1.53158898466829	4.11440459480161e-09	5.56438260048304e-08	-0.292164735573865	0.329395919520152	0.419655064302722	0.992225720256471	5.66454353658763e-05	0.000249411468471768	34.1775257560074	1.44431521124246e-08	0.00010919022996993
80	STX16	-0.988037496852549	0.000204229261913769	0.00103344927715401	-0.415337424733603	0.0674596819354587	0.11103749084086	0.522997822444425	0.0174716582798158	0.0408630259737817	19.6388926546006	3.09332973782675e-06	0.0233855728179702
81	SUGP2	-0.839985331708013	2.43377405495515e-06	1.96994987745835e-05	-0.188827723628786	0.395266080282289	0.487300250660911	0.617879257339422	0.000203847214566677	0.000795603996966483	30.1279240123304	5.39591776932703e-08	0.000407931383361124
82	TANGO2	-1.33555318300555	1.08502207774031e-06	9.43828958932907e-06	-0.48722796837681	0.0710671157803855	0.116065542298491	0.98212463518344	2.73342168197743e-05	0.000129154174473434	34.0784961986362	1.48968484923801e-08	0.000112620174602394
83	TBC1D30	-1.88663904203209	2.06234077526624e-06	1.70025041014316e-05	0.652958459426291	0.20825117989572	0.288083974384564	2.61430394213573	2.97075342103881e-09	2.90166613217744e-08	20.5166324866752	2.11029516635659e-06	0.0159538314576558
84	TDP1	-2.2273274919922	3.53317249901508e-07	3.37683743268698e-06	-0.630144916858655	0.245642887248693	0.330378976623398	1.81846865190474	1.99057155203519e-08	1.69086752060517e-07	27.3792450007055	1.41354880723843e-07	0.00106864289827226
85	TMEM231	-3.20523152218768	1.55431223447522e-14	4.79616346638068e-13	-0.478814229190268	0.294902700315468	0.384276105888849	2.61324451126205	1.01784802808425e-10	1.21755238802482e-09	37.0341654773882	6.07145578610157e-09	4.59002057429279e-05
86	TTLL11	-1.40870182266956	6.24650388525438e-07	5.68273999669352e-06	-0.420590526741121	0.142393134024784	0.209924355153542	1.06993830415235	0.000101015510846292	0.000420492144688082	43.0311120272391	1.13670116284414e-09	8.59346079110166e-06
87	TTYH1	-1.04420941560591	3.82182668845488e-07	3.61774470586086e-06	0.169186449850742	0.502594749256156	0.593133984448414	1.31074122744462	9.76951852749153e-12	1.30030915612387e-10	34.3338322571714	1.3756719702543e-08	0.000104000800951225
88	TXLNB	-4.38018085549262	0	0	0.355398911333739	0.399446820384934	0.491586840649537	5.03679488942947	0	0	114.279209574015	4.95977400605679e-15	3.74958914857894e-11
89	TYSND1	-1.91046542738898	1.95086632450714e-05	0.000128808291818987	0.732448500326884	0.118811446046595	0.180002912246945	2.34561372320839	0	0	27.5747195445718	1.3173258533662e-07	0.000995898345144849
90	UBR3	-1.03519090985972	1.32922561846271e-11	2.63751855002051e-10	-0.0541132975970946	0.70354467842916	0.774883124843306	1.01322285715771	2.75936578031377e-08	2.30251714118898e-07	24.0995860453018	4.85217334686177e-07	0.0036682430502275
91	USP20	-0.857834317517192	0.00947995403419366	0.0277784699606605	-0.384390354545597	0.255748472043379	0.342023429797974	0.604569554767207	0.000843141431369432	0.00285836287944076	21.3055345477769	1.50830028298651e-06	0.011402750139378
92	WDR6	-0.879210723288035	0.00235323983233071	0.00870802404915329	-0.276482498801813	0.360654292353298	0.453140510252773	0.738250477882596	0.00142241966555856	0.0045740079419918	18.7788678984701	4.54183163260721e-06	0.0343362471425105
93	WRNIP1	-1.7918453257394	3.04210227231039e-06	2.41578709859943e-05	-0.594961455513366	0.164596253938737	0.237063760673815	1.01668205634921	2.13924733005744e-05	0.000103804299199193	22.73558660847	8.35393478040095e-07	0.00631557469398312
94	WWC2	-1.2559499862749	1.81109882646524e-09	2.5931642288025e-08	0.217521101074128	0.320255092119896	0.410221703901459	1.61516658956073	2.33146835171283e-12	3.35093169941996e-11	22.6652004128903	8.5959590651596e-07	0.00649854505326065
95	XKR6	-2.90941143519619	5.68634028752513e-12	1.19082361699972e-10	-0.245927850041803	0.616920294052438	0.699657579213386	2.33567948196342	2.70634625820776e-11	3.44444069226442e-10	24.8406240208711	3.640246865194e-07	0.00275202663008667
96	ZNF280D	-0.853745931277907	5.21934544472913e-08	5.80268405325768e-07	-0.184418959228314	0.274188997695997	0.361630987889347	0.67982727784007	0.000191130776325599	0.000750622685205988	18.6324515729809	4.8533916591125e-06	0.0366916409428905
97	ZNF619	-1.32818557672677	1.75061074525473e-08	2.12775196690125e-07	-0.262306208386172	0.389269196909721	0.482043428114249	0.783649582183738	0.0162275041202982	0.0384215255713918	23.3191441628063	6.6058544132585e-07	0.00499402593642342
98	ZNF784	-2.42716602410167	1.16400400429484e-09	1.70871267426582e-08	-0.559423870526201	0.14920736978376	0.218521448191636	1.26227446310491	0.0135632085631459	0.0330554019140499	19.3407377346154	3.53010411584532e-06	0.0266875871157906
99	ZNF839	-2.65456941443342	2.55129251058861e-13	6.6971428402951e-12	-0.637083201825915	0.219511714841795	0.300908171206523	1.65640199281345	0.000127759871319855	0.000520401199988201	22.7204930808622	8.40521632443442e-07	0.00635434354127242
100	AATF	2.0863311591807	2.00277394668547e-08	2.39951997415881e-07	0.482457296559244	0.144371804457422	0.212427178220731	-1.34323192664533	0.00906906010321196	0.0234092682595415	23.6242965478047	5.85086287815631e-07	0.00442325233588617
101	ADAM8	0.911353109928777	0.00200477130360888	0.00761229083640538	-0.461364642058391	0.175387134904014	0.250368139872891	-1.73087064815785	2.40481150770577e-07	1.703877694307e-06	18.800944945161	4.49673208211322e-06	0.033995294540776
102	ANK2	0.604822391074445	1.30847990664762e-06	1.12393385264759e-05	0.0149372486217765	0.914295528801121	0.940802259117527	-0.509638907412242	1.25148672824871e-06	7.72977096859496e-06	19.0018337337736	4.10759449735089e-06	0.0310534143999727
103	ANKRD24	2.18896276827602	4.14331697839998e-08	4.69617336682217e-07	0.799334699221279	0.075712754552886	0.122619628196191	-1.42179478688534	0.00164531185628203	0.00520441741987118	21.3979076395541	1.4508227615935e-06	0.0109682200776468
104	APEH	1.1899665619543	0.000368203764167463	0.00172681169795659	-0.352832840345796	0.296769301872577	0.385958355781297	-1.53498853547792	1.87890869063345e-06	1.12466743477347e-05	18.0067387783854	6.46536195974506e-06	0.0488781364156727
105	BSDC1	1.37339858352628	8.43769498715119e-15	2.66899473233736e-13	-0.211733575917605	0.334672705676407	0.425803711698693	-1.3291769623826	5.77182746042126e-12	7.87635660663985e-11	29.0185313334042	7.90239036956035e-08	0.000597420711938762
106	C12orf29	1.8642077930382	1.03044956238918e-05	7.28055952491794e-05	0.071542101051214	0.870314575032532	0.90709259915598	-1.55639920403158	0.00295103134373975	0.00873523765022417	28.8720448250724	8.31658354133409e-08	0.000628733715724857
107	CADM2	0.733363160126932	0.000629953615108869	0.002803089658754	-0.105865987976173	0.594518470314057	0.679101454630769	-0.854151208733456	1.15112657428362e-06	7.1625653510981e-06	18.1744240585205	5.98395865287838e-06	0.0452387274157605
108	CCDC47	1.00545946631539	4.1552326801586e-07	3.91690262618442e-06	0.404793930190607	0.0644191623684227	0.106800190242385	-0.448739426520935	0.00241979286205951	0.00735570327188175	34.7899597036259	1.19448682354925e-08	9.0303203860323e-05
109	CNTLN	2.30915163163296	9.32571158074325e-08	9.98617274085254e-07	0.0531606132543418	0.888311400572748	0.922083421648086	-2.51713429909922	0.000332198018643926	0.00122508147363321	31.526315720336	3.37953162824814e-08	0.00025549259109556
110	COL9A1	2.63565545261185	7.4211747858044e-12	1.53289839837927e-10	-0.344942654990207	0.440221519363359	0.532577162167866	-3.14801295793069	1.84297022087776e-14	3.27831879290256e-13	48.5839284074533	2.78952244279097e-10	2.10887896674997e-06
111	COL9A2	1.51483734688847	5.84421400162682e-13	1.43916149356022e-11	0.0775514164670569	0.740049440165277	0.80419344080056	-1.49927769713553	1.86584747652319e-10	2.12109177069222e-09	37.3181880034536	5.58466467163785e-09	4.22200649175821e-05
112	CRB2	2.12600680693397	1.97795534329082e-06	1.6360330848226e-05	-0.375187551103245	0.266689441977489	0.353590350990848	-2.92129451002657	0	0	26.9546141986345	1.64932177525373e-07	0.00124688726209182
113	DAAM1	0.92801671661994	2.47576836711616e-05	0.000158482716811161	0.145925745367584	0.570876633265844	0.658101150882858	-0.735571047310785	0.0019179524389048	0.00596205610120078	40.1951974318078	2.45451805340861e-09	1.85561564837691e-05
114	DCP2	1.16480132590335	3.48233389346753e-06	2.73223341124013e-05	-0.293685412853036	0.199830875692514	0.2783713691239	-1.43312575010782	0.000157867501905606	0.000634099190721684	18.6176801167243	4.88606432668739e-06	0.0369386463097567
115	DENND2A	0.680791579025223	0.00112800131762936	0.0046855439347681	-0.467445542141549	0.0772698402327934	0.124820511145282	-1.20093308417147	1.266616249751e-05	6.46460190957324e-05	18.6742002675435	4.76229987980754e-06	0.036002987091345
116	DIS3L2	0.797831179423525	2.54127503886981e-05	0.000162401008401147	-0.171957595704074	0.313238707070479	0.40346034399533	-0.829544940359293	4.74689176854781e-11	5.87340454504443e-10	23.1451467362419	7.08222029319325e-07	0.0053541585416541
117	DLL1	1.5276243035899	1.18284491090748e-08	1.49536915158203e-07	0.189579252903895	0.46264572248608	0.55455869066034	-1.52128074557685	6.23434497359909e-08	4.9197962422139e-07	22.8968015107876	7.82650858853902e-07	0.0059168404929355
118	DROSHA	1.01035844044191	4.44089209850063e-16	1.67865721323324e-14	0.000737473025284172	0.995964050137624	0.997300490734847	-0.952850898282511	1.52468403433748e-05	7.59829353961194e-05	50.0349226914997	1.97157387241538e-10	1.49050984754603e-06
119	DXO	2.23023387136624	1.03657471073326e-06	9.07002871891605e-06	-0.708482347426666	0.128183035862714	0.192104808109197	-3.64179066888152	0	0	32.7539740201939	2.2666188063544e-08	0.000171356381760393
120	EBAG9	1.64630761473956	1.41599207625909e-06	1.19875700968854e-05	-0.121298501882848	0.743486016361853	0.80665245173588	-1.92872724626323	1.37866661944486e-05	6.95775677103012e-05	31.4687558907653	3.44429976661524e-08	0.000260389062356112
121	ELP2	1.57892165274921	4.04121180963557e-13	1.00830235250313e-11	0.364086919179916	0.0658011269333716	0.108781220121646	-1.28588190913473	5.26868437766836e-09	4.99138519989634e-08	42.0432692347485	1.47987854844657e-09	1.11878818262561e-05
122	ERC2	1.76388203798376	2.41983402462509e-05	0.000155560758725899	-0.490287999666021	0.274799822760883	0.362072304106939	-2.39002313235663	3.73244407154694e-05	0.000170806762596216	25.3448468496372	3.00271149049883e-07	0.00227004988681712
123	GON4L	1.03007764392678	7.20609794058191e-09	9.45800354701376e-08	0.00859266905242911	0.965908693242787	0.976630964412929	-0.731653141890847	6.01998952496352e-05	0.000263070062478175	32.2739453121241	2.64654416928691e-08	0.000200078739198091
124	HID1	1.44491543963058	2.44459630316385e-09	3.42878442521683e-08	-0.21022974545197	0.367963486473387	0.460447438638291	-1.74238811003077	0	0	47.0756898634706	4.03509539050959e-10	3.05053211522525e-06
125	ILDR2	2.35702859794441	7.06352309975955e-10	1.07879261887237e-08	0.134062258594174	0.727141366868022	0.793245127492388	-1.86707783139365	1.88075077067751e-06	1.1248794166394e-05	24.9661750866266	3.4690686909026e-07	0.00262261593032236
126	KAT6B	0.804162268280083	2.3983911647818e-06	1.94339091165599e-05	0.130729627320977	0.369212562833534	0.461439407343614	-0.513477136565637	0.00138045924104313	0.00446185201465843	44.0152048890483	8.77825837101009e-10	6.63636332848363e-06
127	KIAA1755	3.44800105521609	0	0	0.407442915500304	0.0645569862618498	0.10700522169252	-3.37706143806681	0	0	116.398966271976	3.8583333563693e-15	2.91690001741519e-11
128	KIF13B	1.24902143387495	1.30384592011978e-12	3.02364268592195e-11	-0.0163051289787331	0.928086315997953	0.950607838283913	-1.29882001900517	0	0	46.7238371347337	4.4036327296783e-10	3.32914634363679e-06
129	LONRF2	1.31123748485023	2.73595612831912e-09	3.78132144974269e-08	-0.253350252203414	0.20399908396741	0.283087885275883	-1.66033422066935	9.39892608187165e-12	1.25319014424955e-10	33.9499415964985	1.5508567516036e-08	0.000117244770421232
130	LRCH4	1.35636069466343	2.63185029325541e-11	5.01178544509091e-10	-0.0926225966145163	0.61622924299182	0.698978706229281	-1.19275725429755	1.1217350770476e-06	7.00852659709081e-06	23.8561380157371	5.33885296910481e-07	0.00403617284464324
131	LRPAP1	1.64541143191484	1.4385291891017e-07	1.48976447528888e-06	-0.308173615454232	0.347230248043818	0.439414240912498	-1.56125953022876	4.17663030605198e-07	2.81922545658508e-06	22.8389865411626	8.0114583667418e-07	0.0060566625252568
132	MAGI2	0.384558996899257	0.0047528661893157	0.0157250189895959	-0.251563766493421	0.116591053849014	0.177349772052021	-0.622916919321756	0.000185330645787074	0.000731644742637222	18.018966917697	6.42889949685409e-06	0.0486024801962169
133	MCCC1	1.76081668651159	4.50073311952792e-11	8.29891277649539e-10	0.0543018652354825	0.698745310806138	0.770832416415352	-1.81281802570134	2.93342528046026e-08	2.43699946376698e-07	31.1238865684001	3.86109051190407e-08	0.000291898442699948
134	MIA3	1.11029177473907	1.41301976785968e-08	1.75987305519262e-07	0.0144796039163528	0.928420007986143	0.950677943976059	-0.795701032537345	0.00743378042568987	0.0197778055056996	31.8454563221973	3.04317948666285e-08	0.000230064369191711
135	MORC3	1.03399733962215	2.22923201209646e-06	1.82194529853505e-05	-0.114421858495381	0.549028930870469	0.637777922154386	-0.890644833186238	0.00057707456686229	0.00202821186679633	23.1187979515636	7.15748866028876e-07	0.0054110614271783
136	MRAS	1.55460813508929	3.69039591308074e-06	2.87030793239613e-05	-0.530248003919556	0.13211534220445	0.197389720763961	-1.94915475053913	3.25703350956275e-08	2.67352587755639e-07	20.858692196143	1.82269244206911e-06	0.0137795548620424
137	MYH14	0.684906281029236	0.000779111563913304	0.00339877866311863	-0.168193930323387	0.429439920049461	0.521369165822053	-0.715709561024998	0.00414001639902151	0.0118196842811943	19.1521220487007	3.83997921383004e-06	0.0290302428565551
138	NOM1	1.30827806371934	7.105427357601e-15	2.29559960784032e-13	0.242668200995735	0.305796352275581	0.395318129822742	-0.835517913990835	0.00948962781662144	0.0242960370094294	31.4550016178905	3.4599712809962e-08	0.000261573828843313
139	OGFRL1	1.76175958805011	1.15019349600232e-09	1.69172428594893e-08	-0.133385949603924	0.655370202926482	0.732724058128455	-1.81424942208681	2.99326952113432e-08	2.47312760434705e-07	38.919883220397	3.51478234713983e-09	2.65717545443771e-05
140	POLM	3.25312132325443	0	0	-0.0768191342156743	0.85030522061983	0.89133492344508	-3.72811244467695	2.06945571790129e-13	3.32167414593074e-12	49.4704690423547	2.25446391986911e-10	1.70437472342105e-06
141	RANBP1	1.89100798552594	1.5326615532274e-09	2.22825410430753e-08	-0.0295666985753678	0.917885309416624	0.943340530069287	-1.73805822339425	2.9330619851109e-05	0.000137555512453092	23.537721793416	6.05525056479642e-07	0.0045777694269861
142	RMDN2	1.67195230765932	4.79705118583418e-06	3.65950625276553e-05	-0.375218088488942	0.298423676586061	0.38757653238114	-1.97752152993505	1.25468593625833e-06	7.74320463519424e-06	36.1909452360415	7.80219816368055e-09	5.89846181174249e-05
143	RRP1B	1.27873440497769	7.99360577730113e-15	2.56066354561002e-13	0.368635779765308	0.125948184842161	0.189237145829266	-0.778283885587763	6.53023028984734e-07	4.28546362771232e-06	26.3273061902548	2.0773656233315e-07	0.00157048841123861
144	SEPT7	0.765320471010021	3.09183278313085e-07	2.98521785957462e-06	-0.236963986855071	0.170984403969247	0.244864954348836	-1.00685506729773	3.21676019154893e-12	4.52020577102415e-11	26.4150611763606	2.01096588942235e-07	0.0015202902124033
145	SERINC1	1.42365624800912	8.73703109860458e-10	1.31577599811655e-08	-0.098127259499914	0.709121009453959	0.778551749506228	-1.60236589926255	6.93894097736347e-09	6.42085603290916e-08	23.3075471942544	6.63651850762435e-07	0.00501720799176401
146	SERPINE2	1.70097681362462	4.15364528993933e-06	3.2140796716419e-05	-0.301423569432029	0.342289285090532	0.434179026054433	-1.96806843264986	2.49822385001153e-12	3.57024051154766e-11	23.7256875818829	5.62079264150591e-07	0.00424931923697847
147	SH3RF1	2.86224919400343	0	0	0.342523668736419	0.40872362012055	0.500721206953713	-2.35211223593549	0	0	47.7863253432578	3.38717931762492e-10	2.56070756412444e-06
148	SLC39A7	1.42483065583899	6.88338275267597e-13	1.67865721323324e-11	-0.295017624893248	0.22746342431037	0.310401351585992	-1.47968132096434	2.54973475264375e-05	0.000121080368906952	28.0805818936513	1.09925750328414e-07	0.00083103867248281
149	SNX29	1.33628562193228	2.66427435668959e-09	3.70255774569362e-08	-0.0808474014787826	0.70972545065104	0.778740842804334	-1.24712685199161	4.421412530764e-06	2.46503530476223e-05	28.6204320743215	9.08291165942643e-08	0.000686668121452638
150	SNX6	1.11019615529935	0.000127735489422021	0.000683425548499983	-0.405972122295452	0.0980758374194717	0.153142501702833	-1.49609247404857	1.81070269889005e-10	2.07093984926003e-09	23.3387133350101	6.55445211301433e-07	0.00495516579743883
151	SPATS2L	1.64484371599317	1.47229864078113e-07	1.52057072736412e-06	0.221761522336428	0.444991469320399	0.537401838348597	-1.18283217750603	0.0175152974471464	0.0409195453338773	22.6853146051491	8.52604340290078e-07	0.00644568881259299
152	SSR1	0.974432276538404	1.88907756104584e-09	2.68953415470933e-08	0.167574563016471	0.18900065190325	0.266426427072268	-0.732130959841219	0.00182803204117521	0.00570835284233151	26.5669944867449	1.90128976673968e-07	0.0014373750636552
153	TK2	1.32941042201766	2.66209402077777e-07	2.62049880170312e-06	0.294273017164548	0.0827470370207153	0.132591691368505	-1.16725526392511	2.21286312325208e-05	0.000106759701415353	20.52945901744	2.09868052511255e-06	0.0158660247698509
154	TNIK	1.34903593289535	1.60929163233181e-05	0.000108724260414911	0.0358321990759681	0.896510232670923	0.927863939651359	-1.38815592053476	1.59518768039213e-05	7.92353407606077e-05	20.5139638991018	2.11272020554793e-06	0.0159721647539424
155	TRAPPC10	1.14729528391776	1.7693846388056e-11	3.43870125176616e-10	0.0632015148549564	0.670100151872877	0.745981026087314	-0.911294834520844	1.02779466693015e-06	6.47510640165994e-06	25.0497177170928	3.3599272584181e-07	0.00254010500736408
156	USP22	0.890708764320327	1.33540725366643e-07	1.38867659390897e-06	-0.19900620616966	0.303494420795862	0.392812501492333	-1.12271452021747	1.11022302462516e-13	1.82860262879438e-12	25.0417657630184	3.37015666552221e-07	0.00254783843913479
157	UTP18	2.72628216852061	1.7981172106829e-12	4.06998985412058e-11	0.616341198040996	0.181043214129866	0.256933864993766	-2.05752959982676	0.00388545532798346	0.0111773372448839	27.4576840531272	1.37406728336355e-07	0.00103879486622284
158	VSNL1	2.50336990791438	8.81206219105479e-12	1.81030408055365e-10	0.487913827844395	0.101868753000281	0.158039764556151	-1.76675463103399	9.88898053000398e-07	6.25155045008522e-06	46.9354571574124	4.17788261531164e-10	3.1584792571756e-06
159	XRCC1	0.944848856166212	0.00115595366179622	0.00478325653157055	-0.295522663079756	0.317032328185466	0.40685187592635	-1.50826371986888	2.08264612000519e-06	1.23488664056779e-05	18.6001023496144	4.92524958174205e-06	0.0372348868379699
160	XRCC2	1.67345554841342	6.89593905123242e-05	0.000393858581730213	0.551420869771106	0.295717432910801	0.384987737696858	-1.31318798529669	0.00319312303043429	0.00936022105858209	18.5412849314117	5.05881943685022e-06	0.0382446749425877
161	ZBTB11	1.78079840529231	0	0	0.0820250751635541	0.685682929166132	0.759748343030332	-1.56309621941524	1.67801717811944e-05	8.29137899776664e-05	42.7668078274029	1.21930491053565e-09	9.21794512364952e-06
162	ZDHHC14	2.35265811621934	7.74441533124559e-09	1.00597559972881e-07	0.626849663642214	0.136672375287771	0.203074519885131	-2.09642167091349	4.64495109042673e-12	6.43147074059086e-11	21.3869799927155	1.4574990121006e-06	0.0110186925314805
163	ZFPM2	3.05222491040971	2.71871414270208e-12	5.95753012139935e-11	0.657654813032333	0.0930712920346821	0.146252123837497	-2.45236328447068	3.44364536886133e-11	4.3356000985712e-10	45.3940484260369	6.15504416526805e-10	4.65321338894265e-06
